[ENTRY]
ID=1358962728
Asset=Effects#Par-Waves-1-Emitter
Pos=25827.2,65.9546,70221.6
Orient=0,0.732232,0,-0.681056
Scale=3,3,3
Flags=1

[ENTRY]
ID=1358962730
Asset=Par-Waves-1-Emitter
Pos=25806.9,60.998,70730
Orient=0,0.679142,0,-0.734007
Scale=3,3,3
Flags=1

