[ENTRY]
ID=1358957588
Asset=Manipulator-SpawnPoint
Pos=26771,169.304,71078
Orient=0,-0.947905,0,-0.318554
Scale=1,1,1
links_count=1
link=1358957587,1
spawnPackage=1a_glacialWalkerCamp01_general

[ENTRY]
ID=1358957613
Asset=Manipulator-SpawnPoint
Pos=26726.7,118.145,71150
Orient=0,0,0,1
Scale=1,1,1
spawnPackage=1a_crystalSlugCamp01_general
outerRadius=1

[ENTRY]
ID=1358962733
Asset=Effects#Par-Waves-1-Emitter
Pos=26429.2,61.3416,71350
Orient=0,-0.34759,0,0.937647
Scale=3,3,3
Flags=1

