[ENTRY]
ID=1358962742
Asset=Effects#Par-Waves-1-Emitter
Pos=31820.3,76.4563,65371
Orient=0,-0.827702,0,0.561168
Scale=3,3,3
Flags=1

