[ENTRY]
ID=1358961840
Asset=Manipulator#Manipulator-PathNode
Pos=33966.1,238.704,56935
Orient=0,0,0,1
Scale=1,1,1
links_count=2
link=1358961839,1
link=1358961841,1

[ENTRY]
ID=1358962757
Asset=Effects#Par-Waves-1-Emitter
Pos=33501.1,61.2965,56480
Orient=0,-0.92269,0,0.385543
Scale=2.5,2.5,2.5

