[ENTRY]
ID=1358961536
Asset=Manipulator-SpawnPoint
Pos=34792.7,249.781,51795
Orient=0,0,0,1
Scale=1,1,1
spawnPackage=1a_rockBearCamp03_general
outerRadius=1

[ENTRY]
ID=1358961537
Asset=Manipulator-SpawnPoint
Pos=34378.1,186.217,51902
Orient=0,0,0,1
Scale=1,1,1
spawnPackage=1a_rockBearCamp03_general
outerRadius=1

[ENTRY]
ID=1358962767
Asset=Par-Waves-1-Emitter
Pos=34018.7,60.5725,51315
Orient=0,-0.939099,0,0.343646
Scale=2.5,2.5,2.5

