[ENTRY]
ID=1358962726
Asset=Par-Waves-1-Emitter
Pos=34587.4,63.8059,72079
Orient=0,-0.10639,0,-0.994325
Scale=3,3,3

