[ENTRY]
ID=1358958597
Asset=Prop-Hill_Tree5
Pos=35406.2,128.731,64045
Orient=0,0.807558,0,0.589788
Scale=0.95,0.95,0.95

[ENTRY]
ID=1358958598
Asset=Prop-Hill_Tree4
Pos=35095.1,298.069,64806
Orient=0,0.881958,0,0.471329
Scale=2.125,2.125,2.125

