[ENTRY]
ID=1358961422
Asset=Manipulator-SpawnPoint
Pos=35765.8,190.007,54046
Orient=0,0,0,1
Scale=1,1,1
spawnPackage=1a_rockBearCamp03_general
outerRadius=100

[ENTRY]
ID=1358962759
Asset=Effects#Par-Waves-1-Emitter
Pos=35069.3,60.0939,54604
Orient=0,0.174107,0,0.984727
Scale=3,3,3
Flags=1

