[ENTRY]
ID=1358958632
Asset=Prop-Hill_Tree5
Pos=35394.3,371.635,63776
Orient=0,-0.761096,0,0.64864
Scale=1.525,1.525,1.525

[ENTRY]
ID=1358962800
Asset=Par-Waves-1-Emitter
Pos=35738.7,60.6108,63265.9
Orient=0.0298873,-0.0848591,-0.0025465,0.995941
Scale=2,2,2
Flags=1

[ENTRY]
ID=1358966685
Asset=Par-Waves-1-Emitter
Pos=35321.8,64.0959,63009.2
Orient=-0.0106791,-0.407519,0.0035038,0.913128
Scale=1.5,1.5,1.5

