[ENTRY]
ID=1358961315
Asset=Manipulator-SpawnPoint
Pos=35920.1,306.114,50346
Orient=0,-0.522687,0,0.852525
Scale=1,1,1
links_count=1
link=1358961320,1
spawnPackage=1a_crabCamp02_general

[ENTRY]
ID=1358962765
Asset=Effects#Par-Waves-1-Emitter
Pos=35368.7,60.9216,50672
Orient=0,0.407558,0,-0.913179
Scale=2.5,2.5,2.5
Flags=1

