[ENTRY]
ID=1358957925
Asset=Manipulator-SpawnPoint
Pos=36022.9,125.252,55251
Orient=0,-0.983082,0,-0.183164
Scale=0.95,0.95,0.95
links_count=1
link=1358957928,1
spawnPackage=1a_rockBearCamp03_general

[ENTRY]
ID=1358957944
Asset=Manipulator-SpawnPoint
Pos=36644.5,93.1723,55665
Orient=0,0,0,1
Scale=1,1,1
spawnPackage=1a_rockBearCamp03_general
outerRadius=1

[ENTRY]
ID=1358957955
Asset=Manipulator-SpawnPoint
Pos=36742.4,114.53,55334
Orient=0,0,0,1
Scale=1,1,1
spawnPackage=1a_rockBearCamp03_general
outerRadius=1

[ENTRY]
ID=1358957964
Asset=Manipulator-SpawnPoint
Pos=36263.4,114.699,55316
Orient=0,0,0,1
Scale=1,1,1
spawnPackage=1a_rockBearCamp03_general
outerRadius=1

[ENTRY]
ID=1358957965
Asset=Manipulator-SpawnPoint
Pos=36244.5,85.6709,55782
Orient=0,0,0,1
Scale=1,1,1
spawnPackage=1a_rockBearCamp03_general
outerRadius=1

[ENTRY]
ID=1358965048
Asset=CL-Plains_Bush2#CL-Plains_Bush2
Pos=36478.4,218.486,55475
Orient=0,0.710353,0,0.703845
Scale=1,1,1
Flags=1

