[ENTRY]
ID=1358960488
Asset=Manipulator-SpawnPoint
Pos=36671.2,148.968,71216
Orient=0,0,0,1
Scale=1,1,1
spawnPackage=1a_stagCamp01_general
outerRadius=10

[ENTRY]
ID=1358960490
Asset=Manipulator-SpawnPoint
Pos=36245.5,168.814,71208
Orient=0,0,0,1
Scale=1,1,1
spawnPackage=1a_stagCamp01_general
outerRadius=10

[ENTRY]
ID=1358962723
Asset=Effects#Par-Waves-1-Emitter
Pos=36859,63.6055,71672
Orient=0,0.0318092,0,0.999494
Scale=2.15,2.15,2.15
Flags=1

