[ENTRY]
ID=1358961306
Asset=Manipulator#Manipulator-PathNode
Pos=36423.8,270.066,49863
Orient=0,0,0,1
Scale=1,1,1
links_count=2
link=1358961307,1
link=1358961309,1

[ENTRY]
ID=1358961307
Asset=Manipulator-PathNode
Pos=36467.1,205.821,49682
Orient=0,0,0,1
Scale=1,1,1
links_count=1
link=1358961306,1

[ENTRY]
ID=1358961357
Asset=Manipulator-SpawnPoint
Pos=36606.6,163.334,49592
Orient=0,0,0,1
Scale=1,1,1
spawnPackage=1a_crabCamp02_general
outerRadius=1

[ENTRY]
ID=1358961360
Asset=Manipulator-SpawnPoint
Pos=36780.1,88.0887,49417
Orient=0,0,0,1
Scale=0.925,0.925,0.925
links_count=1
link=1358961359,1
spawnPackage=1a_crabCamp02_general
outerRadius=10

[ENTRY]
ID=1358962770
Asset=Effects#Par-Waves-1-Emitter
Pos=36610.3,8.13628,49176
Orient=0,0,0,1
Scale=1,1,1

[ENTRY]
ID=1358962771
Asset=Effects#Par-Waves-1-Emitter
Pos=36564.6,61.3722,49158.9
Orient=0,0.993486,0,-0.113955
Scale=3,3,3
Flags=1

