[ENTRY]
ID=1358962720
Asset=Effects#Par-Waves-1-Emitter
Pos=37897.3,62.166,70301.2
Orient=0,0.144492,0,0.989506
Scale=3,3,3
Flags=1

[ENTRY]
ID=1358962725
Asset=Effects#Par-Waves-1-Emitter
Pos=37326.3,60.9176,70951.9
Orient=0,-0.518608,0,-0.855012
Scale=3,3,3
Flags=1

