[ENTRY]
ID=1358961375
Asset=Manipulator-SpawnPoint
Pos=39189.9,148.177,50435
Orient=0,0,0,1
Scale=1,1,1
spawnPackage=1a_crabCamp02_general
outerRadius=1

[ENTRY]
ID=1358962776
Asset=Par-Waves-1-Emitter
Pos=39512.9,64.9826,50212
Orient=0,0.967462,0,0.253016
Scale=1.5,1.5,1.5
Flags=1

[ENTRY]
ID=1358962780
Asset=Par-Waves-1-Emitter
Pos=39617.1,62.7623,50600.5
Orient=0,0.543835,0,0.839192
Scale=2,2,2
Flags=1

[ENTRY]
ID=1358962781
Asset=Effects#Par-Waves-1-Emitter
Pos=39017.6,60.5974,50846
Orient=0,0.548024,0,0.836462
Scale=1.7,1.7,1.7
Flags=1

