[ENTRY]
ID=1358962996
Asset=Effects#Par-Waves-1-Emitter
Pos=40676.6,61.2241,50641
Orient=0,-0.964884,0,0.262678
Scale=2,2,2
Flags=1

