[ENTRY]
ID=1358962881
Asset=Prop-Hadrian_Wall1
Name=Untitled
Pos=40157,130.735,43314
Orient=0,0.263443,0,-0.964675
Scale=1,1,1
Flags=1

[ENTRY]
ID=1358962999
Asset=Effects#Par-Waves-1-Emitter
Name=Untitled
Pos=40480.8,61.6127,43348.6
Orient=0,0.496881,0,0.867819
Scale=3,3,3
Flags=1

