[ENTRY]
ID=1358963003
Asset=Par-Waves-1-Emitter
Pos=40861.7,61.6127,49287
Orient=0,-0.535416,0,0.844589
Scale=3,3,3
Flags=1

