[ENTRY]
ID=1358965187
Asset=Forest
Pos=40675.2,210.252,40518
Orient=0,0.197108,0,-0.980382
Scale=0.25,0.25,0.25
Flags=1

[ENTRY]
ID=1358965188
Asset=Forest
Pos=40669.6,212.064,40507
Orient=0,0,0,1
Scale=1,1,1
Flags=1

[ENTRY]
ID=1358965440
Asset=CL-Forest11#CL-Forest11
Pos=40150.2,199.378,40716
Orient=0,0,0,1
Scale=1,1,1
Flags=1

