[ENTRY]
ID=1358961386
Asset=Manipulator-SpawnPoint
Pos=41922.4,160.994,50881
Orient=0,0,0,1
Scale=1,1,1
spawnPackage=1a_crabCamp02_general
outerRadius=1

[ENTRY]
ID=1358961398
Asset=Manipulator-SpawnPoint
Pos=41984.2,181.357,50007
Orient=0,0,0,1
Scale=1,1,1
spawnPackage=1a_crabCamp02_general
outerRadius=1

[ENTRY]
ID=1358962998
Asset=Effects#Par-Waves-1-Emitter
Pos=41376.9,61.5298,50356
Orient=0,-0.744643,0,0.667463
Scale=3,3,3
Flags=1

