[ENTRY]
ID=1358961327
Asset=Manipulator-SpawnPoint
Pos=41865,140.061,45277
Orient=0,0,0,1
Scale=1,1,1
spawnPackage=1a_thumperCamp02_general
outerRadius=1

[ENTRY]
ID=1358961342
Asset=Manipulator-SpawnPoint
Pos=41890.5,144.167,45586
Orient=0,0,0,1
Scale=1,1,1
spawnPackage=1a_thumperCamp02_general
outerRadius=1

[ENTRY]
ID=1358963001
Asset=Par-Waves-1-Emitter
Pos=41353.8,61.6127,45201.1
Orient=0,-0.744643,0,0.667463
Scale=3,3,3
Flags=1

