[ENTRY]
ID=1358965206
Asset=Forest?d=0.9&s=871817&sz=800
Pos=41701.9,254.744,41758
Orient=0,-0.0898788,0,0.995953
Scale=0.875,0.875,0.875
Flags=1

[ENTRY]
ID=1358965859
Asset=Forest?d=0.9&s=871549&sz=800
Pos=41017,220.446,41006
Orient=0,-0.0898788,0,0.995953
Scale=1.325,1.325,1.325
Flags=1

