[ENTRY]
ID=1358959678
Asset=Manipulator-SpawnPoint
Pos=41009.1,0,60334
Orient=0,-0.992904,0,-0.118922
Scale=2.2,2.2,2.2
links_count=1
link=1358959621,1
spawnPackage=1a_crabCamp01_water

