[ENTRY]
ID=1358961299
Asset=Manipulator-SpawnPoint
Pos=41912.5,221.684,47681
Orient=0,0,0,1
Scale=1,1,1
spawnPackage=1a_thumperCamp02_general
outerRadius=1

[ENTRY]
ID=1358961403
Asset=Manipulator-SpawnPoint
Pos=41604.3,132.102,47102.6
Orient=0,0,0,1
Scale=1,1,1
spawnPackage=1a_crabCamp02_general
outerRadius=1

[ENTRY]
ID=1358961413
Asset=Manipulator-SpawnPoint
Pos=41617.1,125.381,47431.4
Orient=0,0,0,1
Scale=1,1,1
spawnPackage=1a_crabCamp02_general
outerRadius=1

[ENTRY]
ID=1358965967
Asset=Forest?d=0.9&s=823659&sz=800
Pos=41862.7,204.814,47452
Orient=0,-0.877201,0,0.480124
Scale=1,1,1
Flags=1

