[ENTRY]
ID=1358962420
Asset=Manipulator-SpawnPoint
Pos=42293.4,141.036,54999
Orient=0,0,0,1
Scale=1,1,1
spawnPackage=1a_swampSouth_general
outerRadius=1

[ENTRY]
ID=1358962421
Asset=Manipulator-SpawnPoint
Pos=42240.9,144.123,54574
Orient=0,0,0,1
Scale=1,1,1
spawnPackage=1a_swampSouth_general
outerRadius=1

[ENTRY]
ID=1358962422
Asset=Manipulator-SpawnPoint
Pos=42697.8,88.108,54600
Orient=0,0,0,1
Scale=1,1,1
spawnPackage=1a_swampSouth_general
outerRadius=1

[ENTRY]
ID=1358963191
Asset=Swamp_Ruin?d=0.9&s=122393&sz=800
Pos=42705.6,71.4057,54377
Orient=0,-0.605186,0,0.796084
Scale=1,1,1
Flags=1

[ENTRY]
ID=1358963742
Asset=Prop-Willow_Tree#Prop-Willow_Tree3
Pos=42904.8,78.1299,54086
Orient=0,0,0,1
Scale=1.7,1.7,1.7
Flags=1

