[ENTRY]
ID=1358965849
Asset=Forest?d=0.9&s=879876&sz=800
Pos=43678.8,225.039,40763
Orient=0,0,0,1
Scale=1,1,1

[ENTRY]
ID=1358965850
Asset=Forest?d=0.9&s=879986&sz=800
Pos=43671.2,199.044,40849
Orient=0,0.72083,0,0.693111
Scale=0.7,0.7,0.7

