[ENTRY]
ID=1358965194
Asset=Forest?d=0.9&s=871817&sz=800
Pos=44177.4,181.35,41356
Orient=0,0.727725,0,0.685869
Scale=0.925,0.925,0.925

[ENTRY]
ID=1358965201
Asset=Forest?d=0.9&s=84417&sz=800
Pos=44373.7,205.168,41129
Orient=0,0.42738,0,-0.904072
Scale=1.15,1.15,1.15
Flags=1

