[ENTRY]
ID=1358962809
Asset=Effects#Par-Waves-1-Emitter
Pos=44823.6,60.4203,70436.2
Orient=0,0.762127,0,-0.647427
Scale=1.6,1.6,1.6

