[ENTRY]
ID=1358956278
Asset=Manipulator-PathNode
Pos=45952.3,166.294,71286
Orient=0,0,0,1
Scale=1,1,1
links_count=2
link=1358956283,1
link=1358956284,1

[ENTRY]
ID=1358956285
Asset=Manipulator-SpawnPoint
Pos=45772.7,87.5481,71437
Orient=0,-0.0898785,0,0.995953
Scale=1,1,1
links_count=1
link=1358956287,1
spawnPackage=1a_rockBearCamp01_general
outerRadius=10

[ENTRY]
ID=1358956322
Asset=Manipulator-SpawnPoint
Pos=45840.4,176.378,71184
Orient=0,0,0,1
Scale=1,1,1
innerRadius=45
spawnPackage=1a_rockBearCamp01_general
outerRadius=50

[ENTRY]
ID=1358962716
Asset=Effects#Par-Waves-1-Emitter
Pos=45395.2,60.7246,71602
Orient=0,0.418319,0,-0.9083
Scale=3.7,3.7,3.7
Flags=1

