[ENTRY]
ID=1358965838
Asset=CL-Hills_Bush2#CL-Hills_Bush2
Pos=45713.2,265.309,40707
Orient=0,0,0,1
Scale=1,1,1
Flags=1

[ENTRY]
ID=1358965839
Asset=CL-Hills_Bush3#CL-Hills_Bush3
Pos=45723.8,263.422,40704
Orient=0,0.314567,0,0.949235
Scale=1,1,1
Flags=1

