[ENTRY]
ID=1358955720
Asset=CL-Dead-Forest4
Pos=45991.6,278.287,62598
Orient=0.182068,0.77759,0.137205,0.585986
Scale=1,1,1

