[ENTRY]
ID=1358965429
Asset=Forest?d=0.9&s=965721&sz=800
Pos=45095.8,209.742,41596
Orient=0,0.777071,0,0.629412
Scale=1.075,1.075,1.075
Flags=1

[ENTRY]
ID=1358965430
Asset=Forest?d=0.9&s=876517&sz=800%0D%0A
Pos=45764.3,252.21,41100
Orient=0,0,0,1
Scale=1.075,1.075,1.075
Flags=1

