[ENTRY]
ID=1358965853
Asset=Forest?d=0.9&s=761817&sz=800
Pos=46663,265.202,40794
Orient=0,0.375559,0,0.926798
Scale=1,1,1
Flags=1

[ENTRY]
ID=1358965856
Asset=Forest?d=0.9&s=871717&sz=800
Pos=46777.6,260.563,40197
Orient=0,0.973848,0,-0.227202
Scale=1,1,1
Flags=1

