[ENTRY]
ID=1358955722
Asset=CL-Dead-Forest2#CL-Dead-Forest2
Pos=46744.2,321.754,64172
Orient=0,0.798621,0,0.601835
Scale=1.4,1.4,1.4

[ENTRY]
ID=1358955728
Asset=CL-Dead-Forest4
Pos=46187.4,328.368,64400
Orient=-0.0518738,0.796934,-0.0390917,0.600564
Scale=1.725,1.725,1.725

