[ENTRY]
ID=1358965854
Asset=Forest?d=0.9&s=871817&sz=800
Pos=47141.9,294.111,41850
Orient=0,-0.104807,0,0.994493
Scale=1,1,1
Flags=1

