[ENTRY]
ID=1358957172
Asset=Manipulator-SpawnPoint
Pos=48058.7,171.24,70758
Orient=0,0,0,1
Scale=1,1,1
innerRadius=45
spawnPackage=1a_rockBearCamp01_general
outerRadius=50

[ENTRY]
ID=1358962807
Asset=Effects#Par-Waves-1-Emitter
Pos=48448.5,56.5186,70965
Orient=-0.00337389,-0.870952,0.0947984,-0.482125
Scale=1.5,1.5,1.5
Flags=1

[ENTRY]
ID=1358964534
Asset=Prop-Banner-Camelot3
Pos=48514.2,3.9964,70770
Orient=0,-0.059964,0,0.998201
Scale=1,1,1

