[ENTRY]
ID=1358954522
Asset=Prop-Anubian_Camp#Prop-Anubian_Palisade
Pos=48970.6,140.189,58989
Orient=-0.0597722,0.004792,-0.0797709,0.995008
Scale=3.4,3.4,3.4

[ENTRY]
ID=1358954597
Asset=Prop-Anubian_Palisade
Pos=48856.4,149.861,58961
Orient=0,0,0,1
Scale=2.875,2.875,2.875

[ENTRY]
ID=1358965883
Asset=CL-Plains_Bush2#CL-Plains_Bush2
Pos=48725.8,454.451,58444
Orient=0,0,0,1
Scale=1,1,1
Flags=1

[ENTRY]
ID=1358965884
Asset=CL-Plains_Bush1#CL-Plains_Bush1
Pos=48099.2,144.432,58002
Orient=0,0,0,1
Scale=1,1,1
Flags=1

