[ENTRY]
ID=1358957178
Asset=Manipulator-SpawnPoint
Pos=48122.8,175.127,71299
Orient=0,0,0,1
Scale=1,1,1
innerRadius=45
spawnPackage=1a_rockBearCamp01_general
outerRadius=50

[ENTRY]
ID=1358962824
Asset=Effects#Par-Waves-1-Emitter
Pos=48693.8,60.3795,71022
Orient=0,0.824886,0,0.565299
Scale=2.175,2.175,2.175
Flags=1

