[ENTRY]
ID=1358964678
Asset=CL-Hills_Tree6
Pos=48698.7,139.939,62470
Orient=0,0.867423,0,0.497571
Scale=0.625,0.625,0.625

