[ENTRY]
ID=1358961799
Asset=Manipulator-SpawnPoint
Pos=49996,186.963,61951
Orient=0,0,0,1
Scale=1,1,1
spawnPackage=1a_koaCamp02_general
outerRadius=1

[ENTRY]
ID=1358961800
Asset=Manipulator-SpawnPoint
Pos=49755.9,214.782,61728
Orient=0,0,0,1
Scale=1,1,1
spawnPackage=1a_koaCamp02_general
outerRadius=1

[ENTRY]
ID=1358965627
Asset=CL-Hills_Bush3#CL-Hills_Bush3
Pos=49723.4,6.20435,61340
Orient=0,0,0,1
Scale=1,1,1

[ENTRY]
ID=1358966095
Asset=Manipulator-SpawnPoint
Pos=49460.6,58.8591,61990
Orient=0,0.663135,0,0.7485
Scale=1,1,1
spawnPackage=1_obji_cam_15_avalonBoat05

