[ENTRY]
ID=1358962982
Asset=Effects#Par-Waves-1-Emitter
Pos=50483.4,66.2556,43569
Orient=0,0.756658,0,0.653811
Scale=3,3,3

