[ENTRY]
ID=1358960753
Asset=Manipulator-SpawnPoint
Pos=51647,154.051,43974
Orient=0,0,0,1
Scale=1,1,1
spawnPackage=1a_guineafowl/chomperCamp01_trees
outerRadius=1

[ENTRY]
ID=1358962987
Asset=Par-Waves-1-Emitter
Pos=51682.2,60.6677,43397
Orient=0,0.990358,0,0.138535
Scale=2,2,2

