[ENTRY]
ID=1358962198
Asset=Manipulator-SpawnPoint
Pos=51663.2,142.159,57557
Orient=0,0,0,1
Scale=1,1,1
spawnPackage=1a_vulcan/quackCamp01_vulcan
outerRadius=1

[ENTRY]
ID=1358962203
Asset=Manipulator-SpawnPoint
Pos=51093.8,124.275,57678
Orient=0,0,0,1
Scale=1,1,1
spawnPackage=1a_vulcan/quackCamp01_vulcan
outerRadius=1

[ENTRY]
ID=1358963133
Asset=CL-Swamp_Bushes1
Pos=51149.2,94.7798,57275
Orient=0,-0.632673,0,0.774419
Scale=2.2,2.2,2.2
Flags=1

[ENTRY]
ID=1358968364
Asset=Environment-Marker?type=Fields
Pos=51702.2,169.645,57762.7
Orient=0,0,0,1
Scale=4.625,4.625,4.625

