[ENTRY]
ID=1358960990
Asset=Manipulator-SpawnPoint
Pos=52824.3,210.721,52329
Orient=0,0,0,1
Scale=1,1,1
spawnPackage=1a_vulcan/quackCamp01_vulcan
outerRadius=1

[ENTRY]
ID=1358960991
Asset=Manipulator-SpawnPoint
Pos=52624.9,223.013,52807
Orient=0,0,0,1
Scale=1,1,1
spawnPackage=1a_vulcan/quackCamp01_vulcan
outerRadius=1

[ENTRY]
ID=1358960996
Asset=Manipulator#Manipulator-PathNode
Pos=52131.4,201.899,52723
Orient=0,0,0,1
Scale=1,1,1
links_count=2
link=1358960997,1
link=1358961003,1

[ENTRY]
ID=1358961000
Asset=Manipulator-SpawnPoint
Pos=52345.8,243.699,52353
Orient=0,0,0,1
Scale=1,1,1
spawnPackage=1a_vulcan/quackCamp01_vulcan
outerRadius=1

[ENTRY]
ID=1358964231
Asset=CL-Rock-Clutter#CL-Rock-Clutter
Pos=52663.6,214.927,52763
Orient=0,-0.999232,0,-0.0391934
Scale=1,1,1

[ENTRY]
ID=1358965879
Asset=CL-Plains_Bush2#CL-Plains_Bush2
Pos=52391.9,259.343,52298
Orient=0,0.734548,0,0.678557
Scale=1,1,1
Flags=1

