[ENTRY]
ID=1358960989
Asset=Manipulator-SpawnPoint
Pos=53190.6,228.939,52907
Orient=0,0,0,1
Scale=1,1,1
spawnPackage=1a_vulcan/quackCamp01_vulcan
outerRadius=1

[ENTRY]
ID=1358964661
Asset=CL-Roadside3
Pos=53843.4,209.14,52972
Orient=0,0.822049,0,0.569417
Scale=1.5,1.5,1.5
Flags=1

[ENTRY]
ID=1358964665
Asset=CL-Roadside2
Pos=53431,214.091,52199
Orient=0,-0.539632,0,0.841901
Scale=1.5,1.5,1.5

[ENTRY]
ID=1358965877
Asset=CL-Plains_Bush2#CL-Plains_Bush2
Pos=53194,239.7,52371
Orient=0,0,0,1
Scale=1,1,1

[ENTRY]
ID=1358965898
Asset=Prop-Hill_Tree#Prop-Hill_Tree2
Pos=53508,229.643,52187
Orient=0,0.998952,0,0.0457804
Scale=0.85,0.85,0.85

