[ENTRY]
ID=1358959058
Asset=Manipulator-SpawnPoint
Pos=54288.1,70.1734,46776
Orient=0,0,0,1
Scale=1,1,1
spawnPackage=1a_crabCamp02_general
outerRadius=50

[ENTRY]
ID=1358959059
Asset=Manipulator-SpawnPoint
Pos=54306.1,64.7125,46482
Orient=0,0,0,1
Scale=1,1,1
spawnPackage=1a_crabCamp02_general
outerRadius=50

[ENTRY]
ID=1358960758
Asset=Manipulator-SpawnPoint
Pos=54024.3,187.306,46149
Orient=0,0,0,1
Scale=1,1,1
spawnPackage=1a_guineafowl/chomperCamp01_coast
outerRadius=1

[ENTRY]
ID=1358962989
Asset=Effects#Par-Waves-1-Emitter
Pos=54562.3,62.241,46652
Orient=0,0.659385,0,0.751806
Scale=2,2,2
Flags=1

