[ENTRY]
ID=1358960765
Asset=Manipulator-SpawnPoint
Pos=54121.4,155.229,45751
Orient=0,0,0,1
Scale=1,1,1
spawnPackage=1a_guineafowl/chomperCamp01_coast
outerRadius=1

[ENTRY]
ID=1358962990
Asset=Effects#Par-Waves-1-Emitter
Pos=54607.7,69.8307,45701
Orient=0,0.822049,0,0.569417
Scale=1.5,1.5,1.5
Flags=1

[ENTRY]
ID=1358962991
Asset=Par-Waves-1-Emitter
Pos=54064.2,62.6017,45204
Orient=0,0.993303,0,0.115538
Scale=2,2,2
Flags=1

