[ENTRY]
ID=1358961122
Asset=Manipulator-SpawnPoint
Pos=55473.6,312.712,54117
Orient=0,0,0,1
Scale=1,1,1
spawnPackage=1a_vulcan/quackCamp01_vulcan
outerRadius=1

[ENTRY]
ID=1358961128
Asset=Manipulator-SpawnPoint
Pos=55630.5,296.568,54589
Orient=0,0,0,1
Scale=1,1,1
spawnPackage=1a_vulcan/quackCamp01_vulcan
outerRadius=1

[ENTRY]
ID=1358964663
Asset=CL-Roadside1
Pos=55054.7,207.752,54299.8
Orient=-0.00869815,-0.60288,-0.00519922,0.797768
Scale=1.5,1.5,1.5

