[ENTRY]
ID=1358959070
Asset=Manipulator-SpawnPoint
Pos=56167.6,81.9877,51039
Orient=0,0,0,1
Scale=1,1,1
spawnPackage=1a_crabCamp02_general
outerRadius=50

[ENTRY]
ID=1358959076
Asset=Manipulator-SpawnPoint
Pos=56606.1,101.113,51008
Orient=0,0.971148,0,0.238476
Scale=1,1,1
spawnPackage=1a_crabCamp02_general
outerRadius=50

[ENTRY]
ID=1358962963
Asset=Par-Waves-1-Emitter
Pos=56304.1,62.8578,51178
Orient=0,0.699716,0,0.714421
Scale=1,1,1
Flags=1

[ENTRY]
ID=1358962965
Asset=Effects#Par-Waves-1-Emitter
Pos=56594.7,60.5702,51716
Orient=0,0.659385,0,0.751806
Scale=2,2,2
Flags=1

