[ENTRY]
ID=1358959072
Asset=Manipulator-SpawnPoint
Pos=56378.9,118.153,52839
Orient=0,0,0,1
Scale=1,1,1
spawnPackage=1a_crabCamp02_general
outerRadius=50

[ENTRY]
ID=1358962966
Asset=Par-Waves-1-Emitter
Pos=56594.7,61.4957,52233
Orient=0,0.659385,0,0.751806
Scale=2,2,2

[ENTRY]
ID=1358962968
Asset=Par-Waves-1-Emitter
Pos=56648.8,64.7779,52900
Orient=0,0.670587,0,0.741831
Scale=2.5,2.5,2.5

