[ENTRY]
ID=1358959328
Asset=Manipulator-SpawnPoint
Pos=58495.6,211.192,54889
Orient=0,0.492535,0,0.870293
Scale=1,1,1
links_count=1
link=1358959329,1
spawnPackage=1a_roc/vultureCamp01_general
outerRadius=10

[ENTRY]
ID=1358959329
Asset=Manipulator#Manipulator-PathNode
Pos=58579.7,186.075,54575
Orient=0,0,0,1
Scale=1,1,1
links_count=1
link=1358959328,1

[ENTRY]
ID=1358959330
Asset=Manipulator-SpawnPoint
Pos=58614,195.514,54474
Orient=0,0.597196,0,0.802096
Scale=1,1,1
spawnPackage=1a_roc/vultureCamp01_general

[ENTRY]
ID=1358962967
Asset=Effects#Par-Waves-1-Emitter
Pos=58241,61.3808,54331
Orient=0,0.9463,0,-0.323289
Scale=2.5,2.5,2.5
Flags=1

