[ENTRY]
ID=1358962786
Asset=Par-Waves-1-Emitter
Pos=58164.1,60.3682,64554
Orient=0,0.786427,0,0.617684
Scale=1,1,1
Flags=1

[ENTRY]
ID=1358962787
Asset=Par-Waves-1-Emitter
Pos=58008.6,60.3682,64315
Orient=0,0.786427,0,0.617684
Scale=1,1,1
Flags=1

[ENTRY]
ID=1358962866
Asset=Par-Waves-1-Emitter
Pos=58842,60.3682,64569
Orient=0,0.824887,0,0.565298
Scale=1,1,1
Flags=1

