[ENTRY]
ID=1358960455
Asset=Manipulator-SpawnPoint
Pos=59299.2,263.126,57222
Orient=0,0,0,1
Scale=1,1,1
spawnPackage=1a_roc/vultureCamp01_general
outerRadius=1

[ENTRY]
ID=1358960465
Asset=Manipulator-SpawnPoint
Pos=59758.4,200.21,57165
Orient=0,0,0,1
Scale=1,1,1
spawnPackage=1a_roc/vultureCamp01_general
outerRadius=1

[ENTRY]
ID=1358965032
Asset=CL-Hills_Tree3#CL-Hills_Tree3
Pos=59658,429.303,57788
Orient=0,-0.827702,0,0.561168
Scale=1,1,1
Flags=1

[ENTRY]
ID=1358965034
Asset=Prop-Tombstone#Prop-Tombstone_Large2
Pos=59621,426.315,57685
Orient=-0.104156,-0.319039,-0.0123456,0.94192
Scale=1.2,1.2,1.2
Flags=1

[ENTRY]
ID=1358965035
Asset=Prop-Rock1
Pos=59616.2,424.536,57673
Orient=0,0,0,1
Scale=1,1,1
Flags=1

