[ENTRY]
ID=1358959337
Asset=Manipulator-PathNode
Pos=59140.7,209.77,54938
Orient=0,0,0,1
Scale=1,1,1
links_count=2
link=1358959336,1
link=1358959338,1

[ENTRY]
ID=1358962973
Asset=Effects#Par-Waves-1-Emitter
Pos=59104.3,61.4789,54500
Orient=0,0.940806,0,0.338946
Scale=2.5,2.5,2.5
Flags=1

[ENTRY]
ID=1358962974
Asset=Effects#Par-Waves-1-Emitter
Pos=59542.2,60.8471,54881
Orient=0,-0.998628,0,-0.0523649
Scale=1,1,1
Flags=1

