[ENTRY]
ID=1358959034
Asset=Manipulator-SpawnPoint
Pos=60058,77.3696,62800
Orient=0,0,0,1
Scale=1,1,1
spawnPackage=1a_crabCamp01_land
outerRadius=50

[ENTRY]
ID=1358962849
Asset=Par-Waves-1-Emitter
Pos=60600.3,60.3682,62294
Orient=0,-0.223105,0,0.974794
Scale=1,1,1
Flags=1

[ENTRY]
ID=1358962852
Asset=Par-Waves-1-Emitter
Pos=60413.8,60.3682,62107
Orient=0,-0.613116,0,0.789993
Scale=1,1,1
Flags=1

[ENTRY]
ID=1358962864
Asset=Par-Waves-1-Emitter
Pos=60132.7,60.3682,62693
Orient=0,0.9391,0,0.343644
Scale=1,1,1

[ENTRY]
ID=1358963230
Asset=CL-Skeleton_Bottle1#CL-Skeleton_Bottle1
Pos=60037.3,102.708,62926
Orient=0.0902927,0.61834,-0.112806,0.772514
Scale=1,1,1

