[ENTRY]
ID=1241514107
Asset=Prop-Dock2
Pos=13213.4,75.2755,15045.3
Orient=0,0.699716,0,0.714421
Scale=1.925,1.925,1.925
Flags=1

[ENTRY]
ID=1241514117
Asset=Prop-Boat-Anubian
Pos=13208.1,155.885,15118.1
Orient=0,0.998248,0,-0.0591691
Scale=1.9,1.9,1.9
Flags=1

[ENTRY]
ID=1241514119
Asset=Prop-Boat-Anubian
Pos=13534.3,155.885,15118.1
Orient=0,0.786425,0,0.617686
Scale=1.825,1.825,1.825
Flags=1

