[ENTRY]
ID=1241514050
Asset=Bldg-Earthend_Tower2#Bldg-Earthend_Tower2?ATS=ATS-Roman
Pos=14317.2,273.457,14087.3
Orient=0,0.873133,0,-0.487482
Scale=2.05,2.05,2.05
Flags=1

[ENTRY]
ID=1241514223
Asset=Prop-Anubian_Banner1
Pos=14069.8,309.348,14010.6
Orient=0,0.0199988,0,0.9998
Scale=1.825,1.825,1.825
Flags=1

[ENTRY]
ID=1241514266
Asset=Prop-Anubian_Chariot
Pos=14020.1,312.93,14072.4
Orient=0,0.421412,0,0.906869
Scale=1.2,1.2,1.2
Flags=1

