[ENTRY]
ID=929271
PlacedBy=0
Asset=Prop-Warpig_Tower
Name=Scenery/83399
PX=1969.45
PY=680.364
PZ=2618.06
QX=0.305842
QY=-0.150952
QZ=0.0739254
QW=0.937128
SX=2.2
SY=2.2
SZ=2.2
Flags=1
Layer=0
patrolSpeed=0
patrolEvent=

