[ENTRY]
ID=1023410315
Asset=Prop-Chunks2
Pos=3249.92,1200.56,2401.91
Orient=0,0.994409,0,0.105599
Scale=1,1,1

