[ENTRY]
ID=900982
PlacedBy=0
Asset=Prop-Bush_AridDead2#Prop-Bush_AridDead2
Name=Scenery/85256
PX=52406
PY=245.72
PZ=166937
QX=0
QY=0.940806
QZ=0
QW=0.338946
SX=3.225
SY=3.225
SZ=3.225
Flags=1
Layer=0
patrolSpeed=0
patrolEvent=

[ENTRY]
ID=900983
PlacedBy=0
Asset=Prop-Bush_AridDead1#Prop-Bush_AridDead1
Name=Scenery/85257
PX=52397.1
PY=232.613
PZ=166993
QX=0
QY=0
QZ=0
QW=1
SX=2.625
SY=2.625
SZ=2.625
Flags=1
Layer=0
patrolSpeed=0
patrolEvent=

