[ENTRY]
ID=900974
PlacedBy=0
Asset=Anubian_Shipwreck#Prop-Shipwreck-Anubian3
Name=Scenery/85248
PX=55483.5
PY=88.6145
PZ=176582
QX=0
QY=-0.845015
QZ=0
QW=-0.534743
SX=4.625
SY=4.625
SZ=4.625
Flags=1
Layer=0
patrolSpeed=0
patrolEvent=

