[ENTRY]
ID=900972
PlacedBy=0
Asset=Prop-Shipwreck-Anubian3
Name=Scenery/85246
PX=54291.2
PY=-55.2594
PZ=176827
QX=0
QY=-0.416871
QZ=0
QW=0.908966
SX=10
SY=10
SZ=10
Flags=1
Layer=0
patrolSpeed=0
patrolEvent=

