[ENTRY]
ID=900965
PlacedBy=0
Asset=Prop-Campfire
Name=Scenery/85239
PX=54435
PY=224.192
PZ=181099
QX=0
QY=0
QZ=0
QW=1
SX=1.6
SY=1.6
SZ=1.6
Flags=1
Layer=0
patrolSpeed=0
patrolEvent=

[ENTRY]
ID=900966
PlacedBy=0
Asset=Prop-Tent2
Name=Scenery/85240
PX=54432.6
PY=216.769
PZ=180979
QX=0
QY=0
QZ=0
QW=1
SX=1
SY=1
SZ=1
Flags=1
Layer=0
patrolSpeed=0
patrolEvent=

[ENTRY]
ID=900967
PlacedBy=0
Asset=Prop-Tent
Name=Scenery/85241
PX=54505.1
PY=227.554
PZ=181147
QX=0
QY=0.839625
QZ=0
QW=-0.543166
SX=1
SY=1
SZ=1
Flags=1
Layer=0
patrolSpeed=0
patrolEvent=

