[ENTRY]
ID=900963
PlacedBy=0
Asset=Prop-Desert_Accent#Prop-Desert_Accent1
Name=Scenery/85237
PX=56434.9
PY=324.839
PZ=183287
QX=0
QY=-0.84233
QZ=0
QW=-0.538962
SX=1
SY=1
SZ=1
Flags=1
Layer=0
patrolSpeed=0
patrolEvent=

[ENTRY]
ID=900964
PlacedBy=0
Asset=Prop-Desert_Accent#Prop-Desert_Accent3
Name=Scenery/85238
PX=57274.3
PY=432.441
PZ=183463
QX=0
QY=-0.872355
QZ=0
QW=0.488873
SX=1.825
SY=1.825
SZ=1.825
Flags=1
Layer=0
patrolSpeed=0
patrolEvent=

