[ENTRY]
ID=901155
PlacedBy=0
Asset=Prop-Desert_Accent#Prop-Desert_Accent2
Name=Scenery/85429
PX=59484.1
PY=418.149
PZ=179227
QX=0
QY=-0.886627
QZ=0
QW=0.462485
SX=1.225
SY=1.225
SZ=1.225
Flags=1
Layer=0
patrolSpeed=0
patrolEvent=

