[ENTRY]
ID=901130
PlacedBy=0
Asset=Basic Desert?d=0.2&s=81817&sz=800
Name=Scenery/85404
PX=59443.3
PY=452.52
PZ=173630
QX=0
QY=-0.998952
QZ=0
QW=0.0457807
SX=1
SY=1
SZ=1
Flags=1
Layer=0
patrolSpeed=0
patrolEvent=

[ENTRY]
ID=901132
PlacedBy=0
Asset=Basic Desert?d=0.2&s=167817&sz=800
Name=Scenery/85406
PX=59313
PY=151.067
PZ=173057
QX=0
QY=0
QZ=0
QW=1
SX=1
SY=1
SZ=1
Flags=1
Layer=0
patrolSpeed=0
patrolEvent=

