[ENTRY]
ID=901043
PlacedBy=0
Asset=CL-Swamp-BullRushes1
Name=Scenery/85317
PX=58304.8
PY=114.527
PZ=167039
QX=0
QY=0.996322
QZ=0
QW=0.0856906
SX=3.225
SY=3.225
SZ=3.225
Flags=1
Layer=0
patrolSpeed=0
patrolEvent=

