[ENTRY]
ID=901105
PlacedBy=0
Asset=Prop-Desert_Accent#Prop-Desert_Accent5
Name=Scenery/85379
PX=61170.1
PY=392.906
PZ=168081
QX=0
QY=-0.944148
QZ=0
QW=0.329521
SX=0.25
SY=0.25
SZ=0.25
Flags=1
Layer=0
patrolSpeed=0
patrolEvent=

