[ENTRY]
ID=901113
PlacedBy=0
Asset=Prop-Desert_Accent2
Name=Scenery/85387
PX=64332.2
PY=551.085
PZ=169562
QX=0
QY=-0.98889
QZ=0
QW=-0.14865
SX=0.6
SY=0.6
SZ=0.6
Flags=1
Layer=0
patrolSpeed=0
patrolEvent=

[ENTRY]
ID=901114
PlacedBy=0
Asset=Prop-Desert_Accent#Prop-Desert_Accent1
Name=Scenery/85388
PX=64406.3
PY=474.513
PZ=169874
QX=0
QY=-0.242556
QZ=0
QW=0.970137
SX=1
SY=1
SZ=1
Flags=1
Layer=0
patrolSpeed=0
patrolEvent=

