[ENTRY]
ID=901115
PlacedBy=0
Asset=Prop-Desert_Accent#Prop-Desert_Accent2
Name=Scenery/85389
PX=63907.6
PY=470.97
PZ=171177
QX=0
QY=-0.969109
QZ=0
QW=-0.246632
SX=1
SY=1
SZ=1
Flags=1
Layer=0
patrolSpeed=0
patrolEvent=

