[ENTRY]
ID=900786
PlacedBy=0
Asset=Bldg-Ruins-Chapel1?ATS=ATS-Ruins
Name=Scenery/85060
PX=65810.8
PY=196.194
PZ=150682
QX=0
QY=0
QZ=-0.059964
QW=0.998201
SX=1.2
SY=1.2
SZ=1.2
Flags=1
Layer=0
patrolSpeed=0
patrolEvent=

[ENTRY]
ID=900789
PlacedBy=0
Asset=Bldg-Ruins2?ATS=ATS-Ruins
Name=Scenery/85063
PX=65493
PY=277.9
PZ=150348
QX=-0.0798507
QY=-0.00319573
QZ=-0.0398614
QW=0.996004
SX=1
SY=1
SZ=1
Flags=1
Layer=0
patrolSpeed=0
patrolEvent=

