[ENTRY]
ID=901597
PlacedBy=0
Asset=Prop-Tribal_Lamp1
Name=Scenery/85872
PX=68967.3
PY=270.284
PZ=167957
QX=0
QY=0
QZ=0
QW=1
SX=2.575
SY=2.575
SZ=2.575
Flags=1
Layer=0
patrolSpeed=0
patrolEvent=

[ENTRY]
ID=901598
PlacedBy=0
Asset=Prop-Tribal_Furniture#Prop-Tribal_Lamp1
Name=Scenery/85873
PX=69097.5
PY=269.621
PZ=167981
QX=0
QY=-0.285952
QZ=0
QW=0.958244
SX=2.8
SY=2.8
SZ=2.8
Flags=1
Layer=0
patrolSpeed=0
patrolEvent=

