[ENTRY]
ID=901109
PlacedBy=0
Asset=Basic Desert?d=0.2&s=871817&sz=800
Name=Scenery/85383
PX=72162.2
PY=233.46
PZ=166477
QX=0
QY=0.475032
QZ=0
QW=0.879969
SX=1
SY=1
SZ=1
Flags=1
Layer=0
patrolSpeed=0
patrolEvent=

[ENTRY]
ID=901112
PlacedBy=0
Asset=Basic Desert?d=0.2&s=781817&sz=800
Name=Scenery/85386
PX=71588.5
PY=221.364
PZ=166845
QX=0
QY=0
QZ=0
QW=1
SX=1
SY=1
SZ=1
Flags=1
Layer=0
patrolSpeed=0
patrolEvent=

