[ENTRY]
ID=901108
PlacedBy=0
Asset=Prop-Desert_Accent#Prop-Desert_Accent1
Name=Scenery/85382
PX=72682.1
PY=291.658
PZ=167623
QX=0
QY=-0.338197
QZ=0
QW=0.941075
SX=1.5
SY=1.5
SZ=1.5
Flags=1
Layer=0
patrolSpeed=0
patrolEvent=

[ENTRY]
ID=901110
PlacedBy=0
Asset=Prop-Desert_Accent#Prop-Desert_Accent3
Name=Scenery/85384
PX=72189.4
PY=473.626
PZ=167793
QX=0
QY=0.87556
QZ=0
QW=-0.48311
SX=1.95
SY=1.95
SZ=1.95
Flags=1
Layer=0
patrolSpeed=0
patrolEvent=

