[ENTRY]
ID=900490
PlacedBy=0
Asset=Sick-Rotted_Forest?d=0.9&s=231457&sz=800
Name=Scenery/84762
PX=74448.7
PY=304.753
PZ=162782
QX=0
QY=-0.518418
QZ=0
QW=0.855127
SX=0.625
SY=0.625
SZ=0.625
Flags=1
Layer=0
patrolSpeed=0
patrolEvent=

