[ENTRY]
ID=901350
PlacedBy=0
Asset=CL-Hills_Tree1#CL-Hills_Tree1
Name=Scenery/85624
PX=86032
PY=327.346
PZ=145057
QX=0
QY=0.628793
QZ=0
QW=0.777573
SX=1
SY=1
SZ=1
Flags=1
Layer=0
patrolSpeed=0
patrolEvent=

