[ENTRY]
ID=900895
PlacedBy=0
Asset=Par-Waves-1-Emitter
Name=Scenery/85169
PX=89684.4
PY=150.475
PZ=149646
QX=0
QY=-0.998531
QZ=0
QW=-0.0541771
SX=1
SY=1
SZ=1
Flags=1
Layer=0
patrolSpeed=0
patrolEvent=

