[ENTRY]
ID=1140850727
Asset=CL-Junk_Crate-Misc-Stack2#CL-Junk_Crate-Misc-Stack2
Pos=794.643,145.948,1173.21
Orient=0,0.685289,0,0.728271
Scale=1.7,1.7,1.7
Flags=1

[ENTRY]
ID=1140850737
Asset=CL-Junk_Crate-Misc-Stack1#CL-Junk_Crate-Misc-Stack1
Pos=987.83,145.948,1188.2
Orient=0,0.795602,0,0.60582
Scale=1,1,1
Flags=1

[ENTRY]
ID=1140850747
Asset=Light-Small
Pos=979.288,175.171,1001.21
Orient=0,0,0,1
Scale=1,1,1

