[ENTRY]
ID=1151955
Asset=Dng-Room_Wall?ATS=ATS-Dungeon_Crypt
Name=Untitled
Pos=1108.27,1.52588e-05,852.005
Orient=0,0.711473,0,-0.702713
Scale=1,1,1

[ENTRY]
ID=1152068
Asset=Manipulator#Manipulator-SpawnPoint
Name=Untitled
Pos=1063.08,1.52588e-05,974.088
Orient=0,0.995566,0,-0.0940644
Scale=1,1,1
spawnPackage=Maus_vamp

[ENTRY]
ID=1152069
Asset=Prop-Sanctuary_Stone#Prop-Sanctuary_Stone
Name=Untitled
Pos=1045.55,-1.40058,885.461
Orient=0,-0.394019,0,0.919102
Scale=1,1,1

[ENTRY]
ID=1152072
Asset=Manipulator#Manipulator-PathNode
Name=Untitled
Pos=1038.88,1.52588e-05,990.468
Orient=0,0,0,1
Scale=1,1,1
links_count=1
link=1152071,1

[ENTRY]
ID=1152073
Asset=Manipulator#Manipulator-PathNode
Name=Untitled
Pos=1006.77,1.52588e-05,988.143
Orient=0,0,0,1
Scale=1,1,1
links_count=1
link=1152070,1

