[ENTRY]
ID=570426711
Asset=CL-Vampire_Roadside1
Pos=3168.26,375,3906.69
Orient=0,0.679142,0,-0.734007
Scale=3,3,3
Flags=1

[ENTRY]
ID=570427280
Asset=Prop-Mining_Cart#Prop-Mine-Cart
Pos=3025.19,345,3028.47
Orient=0,-0.617059,0,0.786917
Scale=2,2,2

[ENTRY]
ID=570427281
Asset=Prop-Mining_Cart#Prop-Mine-Cart
Pos=3116.62,345,3779.25
Orient=0,-0.872356,0,0.488872
Scale=2,2,2

