[ENTRY]
ID=570426709
Asset=CL-Vampire_Roadside1
Pos=3168.23,375,4304.93
Orient=0,0.724287,0,0.689498
Scale=3,3,3
Flags=1

[ENTRY]
ID=570426727
Asset=CL-Vampire_Roadside1
Pos=3174.61,375,4616.52
Orient=0,-0.696135,0,0.717911
Scale=3,3,3
Flags=1

[ENTRY]
ID=570427282
Asset=Prop-Mining_Cart#Prop-Mine-Cart
Pos=3024.73,345,4923.36
Orient=0,0.727726,0,0.685868
Scale=2.125,2.125,2.125

