[ENTRY]
ID=570426209
Asset=CL-Vampire_Roadside1
Pos=5353.68,375,4782.52
Orient=0,-0.696135,0,0.717911
Scale=3,3,3
Flags=1

[ENTRY]
ID=570426211
Asset=CL-Vampire_Roadside1
Pos=5354.99,375,4393.9
Orient=0,-0.696135,0,0.717911
Scale=3,3,3
Flags=1

[ENTRY]
ID=570426212
Asset=CL-Vampire_Roadside1
Pos=5151.79,375,4444.33
Orient=0,-0.696135,0,0.717911
Scale=3,3,3

