[ENTRY]
ID=570426143
Asset=Prop-Dungeon-Cobwebs1
Pos=5263.32,501.055,5369.12
Orient=0,0,-0.0399895,0.9992
Scale=1.525,1.525,1.525

[ENTRY]
ID=570426208
Asset=CL-Vampire_Roadside1
Pos=5149.79,375,5081.95
Orient=0,0.724287,0,0.689498
Scale=3,3,3

[ENTRY]
ID=570426229
Asset=CL-Vampire_Roadside1
Pos=5347.97,375,5150.49
Orient=0,-0.696135,0,0.717911
Scale=3,3,3

