[ENTRY]
ID=1003398
PlacedBy=0
Asset=Prop-Palm-Tree#Prop-Palm-Tree3
Name=Scenery/51756
PX=13202.8
PY=1475.47
PZ=24834.9
QX=0
QY=0.913413
QZ=0
QW=-0.407034
SX=1.55
SY=1.55
SZ=1.55
Flags=0
Layer=0
patrolSpeed=0
patrolEvent=

