[ENTRY]
ID=1003466
PlacedBy=0
Asset=Prop-Palm-Tree#Prop-Palm-Tree2
Name=Scenery/51757
PX=13592.6
PY=1500.26
PZ=24806.6
QX=0
QY=0.913413
QZ=0
QW=-0.407034
SX=1.55
SY=1.55
SZ=1.55
Flags=0
Layer=0
patrolSpeed=0
patrolEvent=

