[ENTRY]
ID=1002482
PlacedBy=0
Asset=Prop-Palm-Tree#Prop-Palm-Tree2
Name=Untitled
PX=14896.7
PY=1114.78
PZ=18232.5
QX=-0.0821
QY=0.577119
QZ=0.218201
QW=-0.782676
SX=2
SY=2
SZ=2
Flags=0
Layer=0
patrolSpeed=0
patrolEvent=

[ENTRY]
ID=1002483
PlacedBy=0
Asset=Prop-Palm-Tree3
Name=Untitled
PX=14766.5
PY=1130.52
PZ=18260.7
QX=0
QY=1
QZ=0
QW=0
SX=2
SY=2
SZ=2
Flags=0
Layer=0
patrolSpeed=0
patrolEvent=

