[ENTRY]
ID=1002511
PlacedBy=0
Asset=Prop-Palm-Tree#Prop-Palm-Tree5
Name=Untitled
PX=18696.6
PY=1399.14
PZ=13295.6
QX=0
QY=-0.838759
QZ=0
QW=0.544503
SX=2
SY=2
SZ=2
Flags=0
Layer=0
patrolSpeed=0
patrolEvent=

[ENTRY]
ID=1002512
PlacedBy=0
Asset=Prop-Palm-Tree3
Name=Untitled
PX=18495.8
PY=1366.33
PZ=13225
QX=0
QY=0
QZ=0
QW=1
SX=1.5
SY=1.5
SZ=1.5
Flags=0
Layer=0
patrolSpeed=0
patrolEvent=

