[ENTRY]
ID=1004591
PlacedBy=0
Asset=Prop-Palm-Tree#Prop-Palm-Tree1
Name=Scenery/50139
PX=21323.2
PY=1168.25
PZ=32610.6
QX=0
QY=0.556361
QZ=0
QW=0.830941
SX=2.325
SY=2.325
SZ=2.325
Flags=1
Layer=0
patrolSpeed=0
patrolEvent=

[ENTRY]
ID=1004592
PlacedBy=0
Asset=Prop-Palm-Tree#Prop-Palm-Tree1
Name=Scenery/50145
PX=21276
PY=1135.65
PZ=30795.5
QX=0
QY=0
QZ=0
QW=1
SX=2.325
SY=2.325
SZ=2.325
Flags=1
Layer=0
patrolSpeed=0
patrolEvent=

