[ENTRY]
ID=1004541
PlacedBy=0
Asset=Prop-Boat1#Prop-Boat1
Name=Scenery/51639
PX=21343.9
PY=1102.98
PZ=24758.8
QX=-0.171253
QY=-0.394439
QZ=-0.102179
QW=0.897023
SX=1
SY=1
SZ=1
Flags=0
Layer=0
patrolSpeed=0
patrolEvent=

[ENTRY]
ID=1004542
PlacedBy=0
Asset=Effects#Par-Waves-1-Emitter
Name=Scenery/51643
PX=21433
PY=1100.13
PZ=24764.5
QX=0
QY=0.830497
QZ=0
QW=0.557023
SX=1
SY=1
SZ=1
Flags=0
Layer=0
patrolSpeed=0
patrolEvent=

