[ENTRY]
ID=1004593
PlacedBy=0
Asset=Prop-Palm-Tree#Prop-Palm-Tree6
Name=Scenery/50137
PX=21302.8
PY=1172.7
PZ=33150.3
QX=0
QY=0.990104
QZ=0
QW=0.140332
SX=2.325
SY=2.325
SZ=2.325
Flags=1
Layer=0
patrolSpeed=0
patrolEvent=

[ENTRY]
ID=1004594
PlacedBy=0
Asset=Prop-Palm-Tree#Prop-Palm-Tree4
Name=Scenery/50138
PX=21308.9
PY=1175.81
PZ=33106.5
QX=0
QY=0.556361
QZ=0
QW=0.830941
SX=2.325
SY=2.325
SZ=2.325
Flags=1
Layer=0
patrolSpeed=0
patrolEvent=

[ENTRY]
ID=1004595
PlacedBy=0
Asset=Prop-Palm-Tree#Prop-Palm-Tree2
Name=Scenery/50188
PX=21156.3
PY=1532.16
PZ=33847.3
QX=0
QY=0.951043
QZ=0
QW=-0.309058
SX=2.325
SY=2.325
SZ=2.325
Flags=1
Layer=0
patrolSpeed=0
patrolEvent=

