[ENTRY]
ID=989856261
Asset=Prop-Giant_Mushroom1
Pos=4205.51,584.79,9022.94
Orient=0,0,0.104807,0.994493
Scale=2.3,2.3,2.3

[ENTRY]
ID=989856269
Asset=Prop-Giant_Mushroom1
Pos=4370.56,801.543,9369.72
Orient=-0.0529834,0.502749,0.0904282,0.858055
Scale=3.275,3.275,3.275

