[ENTRY]
ID=989856263
Asset=Prop-Fog_White
Pos=5037.89,909.228,9033.13
Orient=0,0,0,1
Scale=3.075,3.075,3.075
Flags=1

[ENTRY]
ID=989856275
Asset=Prop-Giant_Mushroom-Glowing1
Pos=5569.75,908.552,9176.38
Orient=-0.0321389,-0.331275,-0.0230709,0.942704
Scale=1.225,1.225,1.225

[ENTRY]
ID=989856284
Asset=Prop-Pine_Forest_Tree1
Pos=5900.3,487.797,9225.53
Orient=0.0499141,0.00164605,-0.00995824,0.998703
Scale=2.7,2.7,2.7

[ENTRY]
ID=989856294
Asset=Prop-Giant_Mushroom3
Pos=5749.66,382.507,9245.67
Orient=-0.0133574,-0.69651,-0.0722072,0.71378
Scale=3.275,3.275,3.275

