[ENTRY]
ID=989855833
Asset=Prop-Giant_Mushroom1
Pos=7301.14,714.293,6595.71
Orient=0,0,0,1
Scale=3.7,3.7,3.7
Flags=1

[ENTRY]
ID=989856255
Asset=Prop-Giant_Mushroom-Glowing1
Pos=7117.36,792.988,6354.71
Orient=0,0,0.109778,0.993956
Scale=1.65,1.65,1.65
Flags=1

[ENTRY]
ID=989856334
Asset=Prop-Lamp_Post1
Pos=7022.81,481.683,6976.53
Orient=0,0.881958,0,0.471328
Scale=2,2,2

