[ENTRY]
ID=1021324
PlacedBy=0
Asset=Prop-Giant_Mushroom#Prop-Giant_Mushroom1
Name=Untitled
PX=58828
PY=712.154
PZ=55996
QX=0.0313554
QY=0.976735
QZ=0.196707
QW=-0.0794488
SX=1
SY=1
SZ=1
Flags=1
Layer=0
patrolSpeed=0
patrolEvent=

[ENTRY]
ID=1021329
PlacedBy=0
Asset=Prop-Giant_Mushroom_Stump
Name=Untitled
PX=59353.7
PY=639.021
PZ=55867
QX=0.013189
QY=-0.983133
QZ=0.0788188
QW=0.16451
SX=1.6
SY=1.6
SZ=1.6
Flags=1
Layer=0
patrolSpeed=0
patrolEvent=

