[ENTRY]
ID=1021344
PlacedBy=0
Asset=CL-AridBush5#CL-AridBush5
Name=Untitled
PX=60936.6
PY=590.196
PZ=55614
QX=0
QY=0.564642
QZ=0
QW=0.825336
SX=2.85
SY=2.85
SZ=2.85
Flags=0
Layer=0
patrolSpeed=0
patrolEvent=

