[ENTRY]
ID=912154
PlacedBy=0
Asset=Prop-Dungeon-Cobwebs1
Name=Scenery/69808
PX=-280210
PY=1403
PZ=-413.942
QX=-0.13282
QY=0.842586
QZ=-0.172207
QW=0.4927
SX=0.35
SY=0.35
SZ=0.35
Flags=0
Layer=0
patrolSpeed=0
patrolEvent=

