[ENTRY]
ID=912153
PlacedBy=0
Asset=Cav-Hall_T2?ATS=ATS-Cave_Dvergar
Name=Scenery/69807
PX=-402332
PY=1800
PZ=-1034.89
QX=0
QY=0.707107
QZ=0
QW=0.707107
SX=1
SY=1
SZ=1
Flags=0
Layer=0
patrolSpeed=0
patrolEvent=

