[ENTRY]
ID=912155
PlacedBy=0
Asset=Cav-Hall_T2?ATS=ATS-Cave_Dvergar
Name=Scenery/69809
PX=-119815
PY=1200
PZ=358.86
QX=0
QY=0.707107
QZ=0
QW=0.707107
SX=1
SY=1
SZ=1
Flags=0
Layer=0
patrolSpeed=0
patrolEvent=

