[ENTRY]
ID=929405
PlacedBy=0
Asset=Prop-Desert_Accent4
Name=Scenery/74399
PX=31860.4
PY=289.701
PZ=76326.2
QX=0
QY=0.969944
QZ=0
QW=0.243329
SX=0.45
SY=0.45
SZ=0.45
Flags=0
Layer=0
patrolSpeed=0
patrolEvent=

