[ENTRY]
ID=738198074
Asset=Prop-Swamp-Pampas1
Pos=1177.1,477.378,975.467
Orient=0,-0.872355,0,0.488872
Scale=2.95,2.95,2.95
Flags=1

[ENTRY]
ID=738198277
Asset=Prop-Sanctuary_Stone
Pos=1072.37,506.523,958.038
Orient=0,0.338196,0,0.941076
Scale=1,1,1

[ENTRY]
ID=738198278
Asset=Manipulator-Sanctuary
Pos=1071.57,516.523,958.556
Orient=0,0,0,1
Scale=1,1,1

