[ENTRY]
ID=151021933
Asset=Manipulator-SpawnPoint
Pos=28207.6,207.046,59606
Orient=0,0,0,1
Scale=1,1,1
innerRadius=95
spawnPackage=4_hwo_wilds_30_31
outerRadius=100

[ENTRY]
ID=151021945
Asset=Manipulator-SpawnPoint
Pos=27830,246.357,59735
Orient=0,0,0,1
Scale=1,1,1
spawnPackage=4_hwo_wilds_30_31
outerRadius=10

[ENTRY]
ID=151060128
Asset=Forest?d=0.9&s=871867&sz=800
Pos=27872.5,263.157,59957
Orient=0,0,0,1
Scale=1.175,1.175,1.175

[ENTRY]
ID=151060581
Asset=Manipulator-SpawnPoint
Pos=28380.7,196.755,59814.5
Orient=0,0,0,1
Scale=1,1,1
innerRadius=45
spawnPackage=HOLIDAY_wf09_snowmen_32_33
outerRadius=50

[ENTRY]
ID=151060589
Asset=Manipulator-SpawnPoint
Pos=27844.3,251.531,59854.7
Orient=0,-0.518418,0,0.855127
Scale=1,1,1
links_count=1
link=151060591,1
spawnPackage=HOLIDAY_wf09_snowmen_32_33

