[ENTRY]
ID=151044438
Asset=Forest?d=0.9&s=874567&sz=800
Pos=30839.9,215.902,60282
Orient=0,-0.0499792,0,0.99875
Scale=1.6,1.6,1.6
Flags=1

[ENTRY]
ID=151060502
Asset=Manipulator-SpawnPoint
Pos=30750.4,228.499,60068.5
Orient=0,0,0,1
Scale=1,1,1
innerRadius=25
spawnPackage=HOLIDAY_turkatrice_32_33
outerRadius=30

[ENTRY]
ID=151060729
Asset=Manipulator-SpawnPoint
Pos=31332.8,260.385,60084.9
Orient=0,0,0,1
Scale=1,1,1
spawnPackage=HOLIDAY_wf09_snowmen_32_33
outerRadius=1

[ENTRY]
ID=151060730
Asset=Manipulator-SpawnPoint
Pos=31084.6,236.274,60202.6
Orient=0,0,0,1
Scale=1,1,1
spawnPackage=HOLIDAY_wf09_snowmen_32_33
outerRadius=1

