[ENTRY]
ID=151054712
Asset=Par-Waves-1-Emitter
Name=9
Pos=7301.1,60.8308,58356
Orient=0,-0.870794,0,0.491649
Scale=3,3,3

