[ENTRY]
ID=151014196
Asset=Manipulator-SpawnPoint
Name=9
Pos=8203.69,277.146,60638
Orient=0,-0.40319,0,0.915116
Scale=1,1,1
Layer=150998159

[ENTRY]
ID=151014218
Asset=Manipulator-SpawnPoint
Name=9
Pos=7997.6,261.568,60568
Orient=0,0.95657,0,0.291502
Scale=1,1,1
Layer=150998169

