[ENTRY]
ID=151054727
Asset=Par-Waves-1-Emitter
Name=9
Pos=10051.9,61.0203,57368
Orient=0,0.996184,0,-0.0872787
Scale=3,3,3

