[ENTRY]
ID=151004992
Asset=Prop-Boulder5
Name=9
Pos=12740.9,208.53,58945.3
Orient=0,0,0,1
Scale=2.525,2.525,2.525
Flags=1

[ENTRY]
ID=151019731
Asset=Prop-NewVespin_Great_Hive#Prop-NewVespin_Great_Hive1
Name=9
Pos=12537,191.499,59156.4
Orient=0,-0.656933,0,0.753949
Scale=1.5,1.5,1.5
Flags=1

[ENTRY]
ID=151019737
Asset=Prop-Dead-Forest-Tree#Prop-Dead-Forest-Tree3
Name=9
Pos=12533.1,174.362,58902.2
Orient=0,0.986287,0,0.165038
Scale=1,1,1
Flags=1

