[ENTRY]
ID=151059594
Asset=Prop-Instance_Entrance#Prop-Instance_Entrance
Name=9
Pos=12289.7,188.67,59325.4
Orient=0,0.232843,0,0.972514
Scale=1.175,1.175,1.175

