[ENTRY]
ID=151013015
Asset=Manipulator-SpawnPoint
Name=9
Pos=14511.2,147.462,64499
Orient=0,0,0,1
Scale=1,1,1
Layer=150997758

[ENTRY]
ID=151019281
Asset=Manipulator-SpawnPoint
Name=9
Pos=14464.6,147.173,64367
Orient=0,0.0549721,0,0.998488
Scale=1,1,1
Layer=150999106

[ENTRY]
ID=151024542
Asset=Manipulator-SpawnPoint
Name=9
Pos=14510.1,147.173,64336
Orient=0,0,0,1
Scale=1,1,1
Layer=151000466

