[ENTRY]
ID=151019288
Asset=Manipulator-SpawnPoint
Name=9
Pos=14842.9,148.143,62772.9
Orient=0,0.237703,0,0.971338
Scale=1,1,1
Flags=1
Layer=150999109

[ENTRY]
ID=151020097
Asset=Environment-Marker?type=Rotted
Name=9
Pos=14717.1,148.321,62635
Orient=0,0,0,1
Scale=7,7,7
Flags=1

