[ENTRY]
ID=151019747
Asset=Prop-NewVespin_Great_Hive1
Name=9
Pos=14598,245.858,58557
Orient=0,-0.372539,0,0.928017
Scale=1.175,1.175,1.175
Flags=1

