[ENTRY]
ID=151026113
Asset=Manipulator-SpawnPoint
Name=9
Pos=17522.9,241.347,61557.3
Orient=0,0,0,1
Scale=1,1,1
Layer=151000904

[ENTRY]
ID=151026115
Asset=Manipulator-SpawnPoint
Name=9
Pos=17594.9,240.581,61602.7
Orient=0,0.761095,0,0.64864
Scale=1,1,1
Layer=151000904

