[ENTRY]
ID=151038828
Asset=Bldg-Djinn_Temple#Bldg-Djinn_Temple?ATS=ATS-Spanish
Name=9
Pos=17854,265.327,71578
Orient=0,0.581035,0,0.813878
Scale=1.375,1.375,1.375
Flags=1

[ENTRY]
ID=151059595
Asset=Prop-Instance_Entrance#Prop-Instance_Entrance
Name=9
Pos=17859.7,273.147,71532.9
Orient=0,0.986287,0,0.165038
Scale=1.525,1.525,1.525
Flags=1

