[ENTRY]
ID=151051797
Asset=CL-Stone_Circle2#CL-Stone_Circle2
Name=9
Pos=18462.7,140.732,54844
Orient=0,0.999983,0,0.00579636
Scale=1.125,1.125,1.125
Flags=1

[ENTRY]
ID=151059502
Asset=Prop-Instance_Entrance
Name=9
Pos=18019.9,124.18,55306.3
Orient=0,-0.968715,0,0.248176
Scale=1.75,1.75,1.75

[ENTRY]
ID=151059503
Asset=Light-Medium?COLOR=33FFFF
Name=9
Pos=18039,113.065,55290.9
Orient=0,-0.514136,0,0.857709
Scale=1,1,1

