[ENTRY]
ID=151054582
Asset=Par-Waves-1-Emitter
Name=9
Pos=18545.9,61.0302,74048
Orient=0,-0.651834,0,0.758362
Scale=3,3,3

[ENTRY]
ID=151059709
Asset=Manipulator-PathNode
Name=9
Pos=18560,77.7179,73698.5
Orient=0,0,0,1
Scale=2.35,2.35,2.35

[ENTRY]
ID=151059710
Asset=Manipulator-PathNode
Name=9
Pos=18283.6,83.4199,73667.5
Orient=0,0,0,1
Scale=2.35,2.35,2.35

