[ENTRY]
ID=151022410
Asset=Manipulator-SpawnPoint
Name=9
Pos=18145.8,340.847,66274.6
Orient=0,-0.342897,0,0.939373
Scale=1,1,1
Layer=150999963

[ENTRY]
ID=151022411
Asset=Manipulator-SpawnPoint
Name=9
Pos=18194.5,342.088,66530.1
Orient=0,0.928369,0,0.37166
Scale=1,1,1
Layer=150999964

