[ENTRY]
ID=151052442
Asset=Prop-Tribal_Lamp1
Name=9
Pos=18442.3,136.204,54736.6
Orient=0,0,0.0649543,0.997888
Scale=2.525,2.525,2.525

