[ENTRY]
ID=151028070
Asset=Prop-Anubian_Camp#Prop-Anubian_Banner1
Name=9
Pos=19301.1,335.653,94994.3
Orient=0,-0.305058,0,0.952334
Scale=3,3,3
Flags=1

[ENTRY]
ID=151028071
Asset=Prop-Anubian_Banner1
Name=9
Pos=19110.1,333.791,94899.9
Orient=0,-0.139543,0,0.990216
Scale=3,3,3
Flags=1

[ENTRY]
ID=151059598
Asset=Prop-Dungeon-Entrance-Mine1#Prop-Dungeon-Entrance-Mine1
Name=9
Pos=19086.9,352.781,95183.4
Orient=0,0.972329,0,0.233617
Scale=4.85,4.85,4.85
Flags=1

[ENTRY]
ID=151059599
Asset=Prop-Instance_Entrance#Prop-Instance_Entrance
Name=9
Pos=19124.6,407.392,95138.6
Orient=0,-0.886627,0,0.462485
Scale=1.85,1.85,1.85

