[ENTRY]
ID=151007745
Asset=Prop-Shipwreck-Anubian
Name=9
Pos=19421.3,-69.0739,83539
Orient=0,-0.964884,0,0.262678
Scale=9.15,9.15,9.15
Flags=1

