[ENTRY]
ID=151052706
Asset=Basic Desert?d=0.3&amp;s=971847&amp;sz=800
Name=9
Pos=19964.2,199.538,88111.2
Orient=0,0.606452,0,-0.79512
Scale=2.05,2.05,2.05
Flags=1

