[ENTRY]
ID=151021195
Asset=Manipulator-SpawnPoint
Name=9
Pos=19912.1,148.956,60913
Orient=0,-0.375559,0,0.926799
Scale=1,1,1
Layer=150999372

[ENTRY]
ID=151021196
Asset=Manipulator-SpawnPoint
Name=9
Pos=20161.4,137.745,61123.2
Orient=0,0.932039,0,0.362358
Scale=1,1,1
Layer=150999372

