[ENTRY]
ID=151015235
Asset=Manipulator-SpawnPoint
Name=9
Pos=21252.7,172.126,91356.8
Orient=0,0.692537,0,0.721382
Scale=1,1,1
Layer=150998480

[ENTRY]
ID=151030296
Asset=Prop-Dvergar_Scaffolding
Name=9
Pos=21592.2,169.531,91351
Orient=0,-0.380188,0,0.924909
Scale=2.55,2.55,2.55
Flags=1

[ENTRY]
ID=151037670
Asset=Manipulator-SpawnPoint
Name=9
Pos=21259.6,195.583,91207
Orient=0,0.685289,0,0.728272
Scale=1,1,1
Layer=151004039

