[ENTRY]
ID=151026129
Asset=Manipulator-SpawnPoint
Name=9
Pos=21899.3,159.566,58943.3
Orient=0,0.713864,0,0.700285
Scale=1,1,1
Layer=151000905

[ENTRY]
ID=151026132
Asset=Manipulator-SpawnPoint
Name=9
Pos=21759.4,156.695,58949.9
Orient=0,0,0,1
Scale=1,1,1
Layer=151000905

[ENTRY]
ID=151026134
Asset=Manipulator-SpawnPoint
Name=9
Pos=21836.7,164.047,58879.5
Orient=0,0,0,1
Scale=1,1,1
Layer=151000905

