[ENTRY]
ID=151054803
Asset=Par-Waves-1-Emitter
Name=9
Pos=22356,60.589,53040
Orient=0,0.587681,0,0.809093
Scale=3,3,3
Flags=1

