[ENTRY]
ID=151010681
Asset=CL-Market_Stall-Wares1#CL-Market_Stall-Wares1
Name=9
Pos=22354.5,379.569,76605
Orient=0,0.448423,0,0.893821
Scale=1,1,1
Flags=1

[ENTRY]
ID=151010729
Asset=CL-Market_Stall-Refashioner#CL-Market_Stall-Refashioner
Name=9
Pos=22445.9,378.189,76547
Orient=0,0.188859,0,0.982004
Scale=1,1,1
Flags=1

[ENTRY]
ID=151034718
Asset=Manipulator#Manipulator-PathNode
Name=9
Pos=21773.7,597.483,76942
Orient=0,0,0,1
Scale=1,1,1

