[ENTRY]
ID=151008155
Asset=Prop-Palm-Tree5
Name=9
Pos=22391.4,119.384,71630.3
Orient=-0.0196966,0.582125,0.0327566,0.8122
Scale=2,2,2
Flags=1

[ENTRY]
ID=151008251
Asset=Bldg-Ruins1?ATS=ATS-Roman
Name=9
Pos=21945.4,74.6133,71279
Orient=0,0,0,1
Scale=2.1,2.1,2.1
Flags=1

