[ENTRY]
ID=151010682
Asset=CL-Market_Stall-Reagents#CL-Market_Stall-Reagents
Name=9
Pos=22778.9,372.301,76724
Orient=0,-0.470626,0,0.882333
Scale=1,1,1
Flags=1

[ENTRY]
ID=151010749
Asset=Prop-Chair2#Prop-Chair2
Name=9
Pos=22729.3,378.101,76862
Orient=0,0.169182,0,0.985585
Scale=1,1,1
Flags=1

