[ENTRY]
ID=151008106
Asset=Forest?d=0.9&amp;s=2347&amp;sz=800
Name=9
Pos=23232.7,118.239,67261
Orient=0,0.744642,0,0.667464
Scale=1,1,1
Flags=1

[ENTRY]
ID=151026193
Asset=Manipulator-PathNode
Name=9
Pos=23190.2,83.1007,67432
Orient=0,0,0,1
Scale=1,1,1

