[ENTRY]
ID=151008143
Asset=Bldg-Ruins-Small_House1#Bldg-Ruins-Small_House1?ATS=ATS-Roman
Name=9
Pos=22856.9,126.62,72213
Orient=0,0,0.0299955,0.99955
Scale=1,1,1
Flags=1

[ENTRY]
ID=151008222
Asset=Prop-Palm-Tree3
Name=9
Pos=23070.2,125.759,72253.8
Orient=0,0,0,1
Scale=3.25,3.25,3.25
Flags=1

