[ENTRY]
ID=151010646
Asset=Prop-Banner_Post2#Prop-Banner_Post2
Name=9
Pos=22559.7,278.526,78088
Orient=0,-0.986549,0,-0.163466
Scale=1,1,1
Flags=1

[ENTRY]
ID=151010698
Asset=Prop-Wagon
Name=9
Pos=22656.7,283.712,78135
Orient=0,-0.560509,0,0.828149
Scale=1.8,1.8,1.8
Flags=1

