[ENTRY]
ID=151007395
Asset=Prop-Palm-Tree#Prop-Palm-Tree3
Name=9
Pos=23744.1,144.287,71978.4
Orient=0,0,0,1
Scale=3.3,3.3,3.3
Flags=1

[ENTRY]
ID=151008171
Asset=Prop-Palm-Tree1
Name=9
Pos=23602.4,145.503,71898.6
Orient=-0.109778,0,0,0.993956
Scale=3,3,3
Flags=1

[ENTRY]
ID=151033142
Asset=Manipulator-PathNode
Name=9
Pos=23712.7,122.756,71890
Orient=0,0,0,1
Scale=1,1,1

