[ENTRY]
ID=151007728
Asset=Basic Desert?d=0.2&amp;s=778349&amp;sz=800
Name=9
Pos=24253.1,280.805,85569
Orient=0,-0.29074,0,0.956802
Scale=1,1,1
Flags=1

[ENTRY]
ID=151032130
Asset=Manipulator-SpawnPoint
Name=9
Pos=24351.8,302.753,85523
Orient=0,0,0,1
Scale=1,1,1
Layer=151002643

[ENTRY]
ID=151059735
Asset=Manipulator-PathNode
Name=9
Pos=24290.7,279.178,85591.1
Orient=0,0,0,1
Scale=1,1,1

