[ENTRY]
ID=151058905
Asset=Basic Desert?d=0.2&amp;s=133817&amp;sz=800
Name=9
Pos=24048.8,234.969,81464.5
Orient=0,-0.314567,0,0.949235
Scale=1,1,1
Flags=1

