[ENTRY]
ID=151007606
Asset=Bldg-Tents-Command_Tent1#Bldg-Tents-Command_Tent1?ATS=ATS-Stonelion_Tents
Name=9
Pos=25058.6,221.882,87671
Orient=0,-0.727726,0,0.685868
Scale=1.175,1.175,1.175
Flags=1

[ENTRY]
ID=151007624
Asset=Prop-Campfire
Name=9
Pos=24823.2,211.064,87657
Orient=0,0,0,1
Scale=4,4,4
Flags=1

[ENTRY]
ID=151038102
Asset=Manipulator-SpawnPoint
Name=9
Pos=25119.4,234.807,87672
Orient=0,0,0,1
Scale=0.25,0.25,0.25
Layer=151004155

