[ENTRY]
ID=151031570
Asset=Basic Desert?d=0.2&amp;s=887&amp;sz=800
Name=9
Pos=25461.3,352.871,75413.6
Orient=0,-0.0898778,0,0.995953
Scale=1,1,1
Flags=1

