[ENTRY]
ID=151023033
Asset=Forest?d=0.9&amp;s=875623&amp;sz=800
Name=9
Pos=24977.7,206.324,58421
Orient=0,-0.813416,0,0.581683
Scale=1.175,1.175,1.175
Flags=1

