[ENTRY]
ID=151058900
Asset=Basic Desert?d=0.4&amp;s=133817&amp;sz=800
Name=9
Pos=24828.4,428.558,79007.7
Orient=0,-0.572867,0,0.819648
Scale=1,1,1
Flags=1

