[ENTRY]
ID=151004493
Asset=Arid_Clutter?d=0.9&amp;s=871817&amp;sz=800
Name=9
Pos=24783.7,1183.69,95314
Orient=0,0.00499998,0,0.999987
Scale=1,1,1
Flags=1

