[ENTRY]
ID=151058810
Asset=Prop-Acacia_Tree#Prop-Acacia_Tree1
Name=9
Pos=25842.3,1171.25,92645.7
Orient=-0.0349929,0,0,0.999388
Scale=1,1,1
Flags=1

[ENTRY]
ID=151058819
Asset=CL-AridBush4#CL-AridBush4
Name=9
Pos=25817.4,1173.54,92650.4
Orient=0,0,0,1
Scale=1,1,1
Flags=1

