[ENTRY]
ID=151059969
Asset=Prop-Boulder_Arid5
Name=9
Pos=26141.5,213.261,76654.7
Orient=-0.016108,-0.517588,0.0555388,0.853674
Scale=4.3,4.3,4.3
Flags=1

