[ENTRY]
ID=151001197
Asset=Forest?d=0.9&amp;s=845567&amp;sz=800
Name=9
Pos=25768,242.397,68463
Orient=0,0.338197,0,0.941075
Scale=1,1,1
Flags=1

