[ENTRY]
ID=151021924
Asset=Manipulator-SpawnPoint
Name=9
Pos=25756,214.466,59310
Orient=0,0,0,1
Scale=1,1,1
Layer=150999738

[ENTRY]
ID=151021926
Asset=Manipulator-SpawnPoint
Name=9
Pos=26210.6,232.068,59367
Orient=0,0,0,1
Scale=1,1,1
Layer=150999740

[ENTRY]
ID=151023767
Asset=Manipulator#Manipulator-PathNode
Name=9
Pos=25788.9,297.196,59991.4
Orient=-0.375559,0,0,0.926798
Scale=1,1,1

