[ENTRY]
ID=151060104
Asset=Prop-Bones-Rib
Name=9
Pos=26914.5,285.717,80092.9
Orient=-0.581981,0.507928,0.415997,0.479847
Scale=3.05,3.05,3.05

