[ENTRY]
ID=151058806
Asset=Prop-Acacia_Tree#Prop-Acacia_Tree2
Name=9
Pos=26529.2,1251.21,92899
Orient=0,0,0,1
Scale=1,1,1
Flags=1

[ENTRY]
ID=151058817
Asset=CL-AridBush2#CL-AridBush2
Name=9
Pos=26542.2,1251.54,92861.3
Orient=0,-0.744643,0,0.667463
Scale=1,1,1
Flags=1

[ENTRY]
ID=151058818
Asset=CL-AridBush3#CL-AridBush3
Name=9
Pos=26521.5,1249.21,92954.3
Orient=0,0,0,1
Scale=1.4,1.4,1.4
Flags=1

