[ENTRY]
ID=151008069
Asset=Prop-Boulder_Arid4
Name=9
Pos=26281.4,342.491,82479.6
Orient=-0.0299955,0,0,0.99955
Scale=2.025,2.025,2.025
Flags=1

[ENTRY]
ID=151008070
Asset=Prop-Boulder_Arid5
Name=9
Pos=26350.5,337.865,82461
Orient=-0.159247,0.00477883,0.0296124,0.986783
Scale=1.35,1.35,1.35
Flags=1

