[ENTRY]
ID=151032255
Asset=Manipulator-SpawnPoint
Name=9
Pos=26704,423.903,91191
Orient=0,0,0,1
Scale=1,1,1
Layer=151002739

[ENTRY]
ID=151032256
Asset=Manipulator-SpawnPoint
Name=9
Pos=26384.2,399.883,91150.5
Orient=0,0,-0.0799147,0.996802
Scale=1,1,1
Layer=151002740

[ENTRY]
ID=151032257
Asset=Manipulator-SpawnPoint
Name=9
Pos=26450.4,343.489,91482.7
Orient=0,0,0,1
Scale=1,1,1
Layer=151002741

[ENTRY]
ID=151058865
Asset=Basic Desert?d=0.3&amp;s=871817&amp;sz=800%0D%0A
Name=9
Pos=26567.4,374.984,91254.8
Orient=0,0,0,1
Scale=1,1,1
Flags=1

