[ENTRY]
ID=151060105
Asset=Prop-Bones-Rib
Name=9
Pos=26881.6,285.717,80295.2
Orient=-0.39372,-0.508326,-0.587427,0.491445
Scale=3.05,3.05,3.05

