[ENTRY]
ID=151032192
Asset=Manipulator-SpawnPoint
Name=9
Pos=26439.9,260.188,85776
Orient=0,0,0,1
Scale=1,1,1
Layer=151002693

[ENTRY]
ID=151032193
Asset=Manipulator-SpawnPoint
Name=9
Pos=26848.5,267.636,85831
Orient=0,0,0,1
Scale=1,1,1
Layer=151002694

[ENTRY]
ID=151058888
Asset=Basic Desert?d=0.1&amp;s=778349&amp;sz=800
Name=9
Pos=26814.8,538.48,86011
Orient=0,-0.492535,0,0.870293
Scale=1,1,1
Flags=1

