[ENTRY]
ID=151032849
Asset=Prop-Entrance1
Name=9
Pos=27544.4,1299.87,93641
Orient=0,0.745705,0,-0.666276
Scale=1.2,1.2,1.2
Flags=1

[ENTRY]
ID=151032857
Asset=Prop-Entrance1
Name=9
Pos=27286.2,1277.55,93605
Orient=0,-0.714978,0,-0.699147
Scale=0.9,0.9,0.9
Flags=1

