[ENTRY]
ID=151021929
Asset=Manipulator-SpawnPoint
Name=9
Pos=27185.6,244.353,58951
Orient=0,0,0,1
Scale=1,1,1
Layer=150999742

[ENTRY]
ID=151060126
Asset=Forest?d=0.9&amp;s=871817&amp;sz=800+
Name=9
Pos=27688.5,191.221,58964.7
Orient=0,0.998531,0,-0.0541774
Scale=1.175,1.175,1.175
Flags=1

