[ENTRY]
ID=151060103
Asset=Prop-Bones-Rib
Name=9
Pos=27327.1,363.427,80304.5
Orient=-0.526352,-0.460258,-0.412034,0.584246
Scale=3.1,3.1,3.1

