[ENTRY]
ID=151032847
Asset=Prop-Entrance1
Name=9
Pos=27042.2,1337.47,94953
Orient=0.00445963,-0.846821,-0.00226087,0.531854
Scale=1.7,1.7,1.7
Flags=1

[ENTRY]
ID=151032855
Asset=Prop-Entrance1
Name=9
Pos=27712.4,1271.4,94893
Orient=0,-0.539632,0,0.841901
Scale=1.3,1.3,1.3
Flags=1

