[ENTRY]
ID=151032240
Asset=Manipulator-SpawnPoint
Name=9
Pos=27489.5,305.508,88913.3
Orient=0,0,0,1
Scale=1,1,1
Layer=151002728

[ENTRY]
ID=151032241
Asset=Manipulator#Manipulator-PathNode
Name=9
Pos=27146.8,295.262,89177
Orient=0,0,0,1
Scale=1,1,1

[ENTRY]
ID=151032242
Asset=Manipulator-PathNode
Name=9
Pos=27221.2,284.474,88695.5
Orient=0,0,0,1
Scale=1,1,1

[ENTRY]
ID=151058898
Asset=Basic Desert?d=0.1&amp;s=8717&amp;sz=800%0D%0A
Name=9
Pos=27152,304.209,89048.8
Orient=0,0.443948,0,0.896053
Scale=1,1,1
Flags=1

