[ENTRY]
ID=151032848
Asset=Prop-Entrance1
Name=9
Pos=27379.7,1299.32,94111
Orient=0,-0.999983,0,0.00579636
Scale=0.775,0.775,0.775
Flags=1

