[ENTRY]
ID=151032846
Asset=Prop-Entrance1
Name=9
Pos=27850.6,1290.29,94545
Orient=0,-0.458754,-0,-0.888563
Scale=0.725,0.725,0.725
Flags=1

[ENTRY]
ID=151032853
Asset=Prop-Entrance1
Name=9
Pos=28029.6,1317.97,94545
Orient=-0.0463904,-0.566871,-0.0056077,0.82248
Scale=1,1,1
Flags=1

