[ENTRY]
ID=151001194
Asset=Forest?d=0.9&amp;s=871567&amp;sz=800
Name=9
Pos=27766.6,215.796,68136
Orient=0,0.985719,0,-0.168396
Scale=1.95,1.95,1.95
Flags=1

[ENTRY]
ID=151026203
Asset=Manipulator-PathNode
Name=9
Pos=27817.6,198.148,68020
Orient=0,0,0,1
Scale=1,1,1

[ENTRY]
ID=151026207
Asset=Manipulator-PathNode
Name=9
Pos=28026.1,197.761,67998
Orient=0,0,0,1
Scale=1,1,1

[ENTRY]
ID=151026214
Asset=Manipulator-SpawnPoint
Name=9
Pos=28021.7,197.135,67994
Orient=0,0,0,1
Scale=1,1,1
Layer=151000908

