[ENTRY]
ID=151003558
Asset=Prop-Bread_Loaf
Name=9
Pos=28434.7,641.826,62242
Orient=0,0.159318,0,0.987227
Scale=1.825,1.825,1.825

[ENTRY]
ID=151060190
Asset=Prop-Tree_Platforms#Prop-Tree_Platform_Railing
Name=9
Pos=28425.3,767.704,61880
Orient=0,0.827702,0,0.561168
Scale=1.475,1.475,1.475
Flags=1

[ENTRY]
ID=151060526
Asset=Manipulator-SpawnPoint
Name=9
Pos=27832.5,201.388,61713.7
Orient=0,0,0,1
Scale=1,1,1
Layer=151012272

[ENTRY]
ID=151060532
Asset=Manipulator-PathNode
Name=9
Pos=27957,227.866,61522.3
Orient=0,0,0,1
Scale=1,1,1

[ENTRY]
ID=151060533
Asset=Manipulator-SpawnPoint
Name=9
Pos=27834.8,185.039,62163.9
Orient=0,0,0,1
Scale=1,1,1
Layer=151012275

