[ENTRY]
ID=151032850
Asset=Prop-Entrance1
Name=9
Pos=28769.3,1228.81,93505
Orient=0,-0.949485,0,-0.313811
Scale=1,1,1
Flags=1

[ENTRY]
ID=151035179
Asset=Manipulator-SpawnPoint
Name=9
Pos=29177.4,1264.73,93592
Orient=0,0,0,1
Scale=1,1,1
Layer=151003595

[ENTRY]
ID=151035240
Asset=Manipulator-SpawnPoint
Name=9
Pos=29136.7,1268.33,93237
Orient=0,0,0,1
Scale=1,1,1
Layer=151003609

