[ENTRY]
ID=151032852
Asset=Prop-Entrance1
Name=9
Pos=28904.7,1328.59,94841
Orient=0,-0.885046,-0,-0.465504
Scale=0.65,0.65,0.65

