[ENTRY]
ID=151032215
Asset=Manipulator#Manipulator-PathNode
Name=9
Pos=28765.8,288.122,85444
Orient=0,0,0,1
Scale=1,1,1

[ENTRY]
ID=151038833
Asset=Manipulator-SpawnPoint
Name=9
Pos=29209.2,320.81,85399.7
Orient=0,0,0,1
Scale=1,1,1
Layer=151004299

[ENTRY]
ID=151058893
Asset=Basic Desert?d=0.4&amp;s=873817&amp;sz=800%0D%0A
Name=9
Pos=28719,327.438,85472.6
Orient=0,-0.741296,0,0.671178
Scale=1,1,1
Flags=1

