[ENTRY]
ID=151014250
Asset=Manipulator-SpawnPoint
Name=9
Pos=28510.7,192.485,66694.7
Orient=0,0.0349929,0,0.999388
Scale=1,1,1
Layer=150998200

[ENTRY]
ID=151014253
Asset=Manipulator-SpawnPoint
Name=9
Pos=28565.5,250.254,66526.8
Orient=0,0.749027,0,-0.662539
Scale=1,1,1
Layer=150998200

[ENTRY]
ID=151023053
Asset=Prop-Forest_Tree7
Name=9
Pos=29178,233.135,66571
Orient=0,-0.439462,0,0.898261
Scale=1,1,1

