[ENTRY]
ID=151060467
Asset=Manipulator-SpawnPoint
Name=9
Pos=29135,236.29,63865
Orient=0,0,0,1
Scale=1,1,1
Layer=151012237

[ENTRY]
ID=151060555
Asset=Manipulator-SpawnPoint
Name=9
Pos=28790.4,197.09,63974.6
Orient=0,0,0,1
Scale=1,1,1
Layer=151012286

[ENTRY]
ID=151060556
Asset=Manipulator-SpawnPoint
Name=9
Pos=28966.4,190.555,63834.1
Orient=0,-0.844162,0,0.536088
Scale=1,1,1
Layer=151012287

[ENTRY]
ID=151060557
Asset=Manipulator#Manipulator-PathNode
Name=9
Pos=28980.3,216.623,64029.7
Orient=0,0,0,1
Scale=1,1,1

