[ENTRY]
ID=151023052
Asset=Prop-Forest_Tree5
Name=9
Pos=29582.1,320.793,66935.2
Orient=0,0.838759,0,0.544503
Scale=1,1,1
Flags=1

[ENTRY]
ID=151026213
Asset=Manipulator-PathNode
Name=9
Pos=29802.6,207.103,67085
Orient=0,0,0,1
Scale=1.45,1.45,1.45

