[ENTRY]
ID=151003232
Asset=Bldg-Heartwood4#Bldg-Heartwood4
Name=9
Pos=29652.8,235.311,63141
Orient=0,0.00509656,0,-0.999987
Scale=1,1,1
Flags=1

[ENTRY]
ID=151060421
Asset=Prop-Banner_Post2
Name=9
Pos=29398,343.422,63468.7
Orient=0,0.237703,0,0.971338
Scale=1.625,1.625,1.625

[ENTRY]
ID=151060422
Asset=Prop-Holiday-Harvest_Banner
Name=9
Pos=29423.3,457.198,63454.6
Orient=0,0.237703,0,0.971338
Scale=3.4,3.4,3.4

