[ENTRY]
ID=151054908
Asset=Par-Waves-1-Emitter
Name=9
Pos=29701.8,59.7791,53719
Orient=0,0.851272,0,-0.524725
Scale=3,3,3
Flags=1

