[ENTRY]
ID=151031552
Asset=Basic Desert?d=0.3&amp;s=831856&amp;sz=800
Name=9
Pos=29409.6,205.786,72967.2
Orient=0,0.281157,0,0.959662
Scale=1,1,1
Flags=1

