[ENTRY]
ID=151012639
Asset=Prop-Carrionite_Props#Prop-Carrionite_Crest_Pole
Name=9
Pos=29366.9,1132.95,80362
Orient=0,-0.653041,0,-0.757323
Scale=2.25,2.25,2.25
Flags=1

[ENTRY]
ID=151035266
Asset=Manipulator-SpawnPoint
Name=9
Pos=29925.1,1183.08,80867
Orient=0,0,0,1
Scale=1,1,1
Layer=151003620

