[ENTRY]
ID=151023029
Asset=Manipulator#Manipulator-PathNode
Name=9
Pos=29698.1,236.773,63932
Orient=0,0,0,1
Scale=1,1,1

[ENTRY]
ID=151023147
Asset=Forest?d=0.9&amp;s=871347&amp;sz=800
Name=9
Pos=29785,235.751,63797
Orient=0,-0.999526,0,0.0307921
Scale=1,1,1
Flags=1

[ENTRY]
ID=151060558
Asset=Manipulator-PathNode
Name=9
Pos=29299.7,200.916,64201.4
Orient=0,0,0,1
Scale=1,1,1

