[ENTRY]
ID=151060468
Asset=Manipulator-SpawnPoint
Name=9
Pos=30000,226.215,63640
Orient=0,0,0,1
Scale=1,1,1
Layer=151012238

[ENTRY]
ID=151060470
Asset=Manipulator-SpawnPoint
Name=9
Pos=30519.9,232.165,63020.9
Orient=0,0.999875,0,0.0157957
Scale=1,1,1
Layer=151012240

[ENTRY]
ID=151060475
Asset=Manipulator-SpawnPoint
Name=9
Pos=30231.5,258.593,63303.3
Orient=0,0,0,1
Scale=1,1,1
Layer=151012242

[ENTRY]
ID=151060476
Asset=Manipulator-SpawnPoint
Name=9
Pos=30018.7,250.442,63199.7
Orient=0,0,0,1
Scale=1,1,1
Layer=151012243

