[ENTRY]
ID=151009508
Asset=Prop-Cactus1
Name=9
Pos=30467.6,230.232,72001.5
Orient=0,-0.992713,0,0.120503
Scale=1.225,1.225,1.225
Flags=1

[ENTRY]
ID=151009509
Asset=Prop-Cactus1
Name=9
Pos=30481.2,230.726,72012
Orient=0,-0.671768,0,-0.740762
Scale=2,2,2
Flags=1

[ENTRY]
ID=151009510
Asset=CL-Desert2
Name=9
Pos=30479.6,231.65,72024
Orient=0,-0.560508,0,0.828149
Scale=1,1,1
Flags=1

[ENTRY]
ID=151034305
Asset=Manipulator#Manipulator-PathNode
Name=9
Pos=30112.2,205.47,72277
Orient=0,0,0,1
Scale=1,1,1

