[ENTRY]
ID=151023111
Asset=Forest?d=0.9&amp;s=23323&amp;sz=800
Name=9
Pos=30362.1,247.11,64786
Orient=0,0.980893,0,0.194547
Scale=1,1,1
Flags=1

