[ENTRY]
ID=151060099
Asset=Basic Desert?d=0.4&amp;s=85947&amp;sz=500
Name=9
Pos=30061.5,342.521,76638.5
Orient=0,-0.333487,0,0.942755
Scale=1,1,1
Flags=1

