[ENTRY]
ID=151029175
Asset=CL-Forest3
Name=9
Pos=30525.6,302.129,60768
Orient=0,-0.0948572,0,0.995491
Scale=1.35,1.35,1.35
Flags=1

