[ENTRY]
ID=151011088
Asset=Prop-Acacia_Tree6
Name=9
Pos=30798.3,1209.6,95233
Orient=0,-0.26191,0,0.965092
Scale=0.7,0.7,0.7
Flags=1

