[ENTRY]
ID=151014113
Asset=Manipulator-SpawnPoint
Name=9
Pos=31249,289.83,58866
Orient=0,0,0,1
Scale=1,1,1
Layer=150998094

[ENTRY]
ID=151020927
Asset=Manipulator-SpawnPoint
Name=9
Pos=30885.2,184.195,58610
Orient=0,0,0,1
Scale=1,1,1
Layer=150999331

[ENTRY]
ID=151022926
Asset=CL-Sick-Rotted_Forest2#CL-Sick-Rotted_Forest2
Name=9
Pos=31298.8,204.221,59156
Orient=0,-0.955101,0,0.296281
Scale=1.475,1.475,1.475

[ENTRY]
ID=151024664
Asset=Manipulator-SpawnPoint
Name=9
Pos=31113,181.46,59243
Orient=0,0,0,1
Scale=1,1,1
Layer=151000521

