[ENTRY]
ID=151044438
Asset=Forest?d=0.9&amp;s=874567&amp;sz=800
Name=9
Pos=30839.9,215.902,60282
Orient=0,-0.0499792,0,0.99875
Scale=1.6,1.6,1.6
Flags=1

[ENTRY]
ID=151060502
Asset=Manipulator-SpawnPoint
Name=9
Pos=30750.4,228.499,60068.5
Orient=0,0,0,1
Scale=1,1,1
Layer=151012257

