[ENTRY]
ID=151013120
Asset=Manipulator-SpawnPoint
Name=9
Pos=31321.9,220.511,58311.4
Orient=0,0,0,1
Scale=0.45,0.45,0.45
Layer=150997814

[ENTRY]
ID=151022930
Asset=CL-Sick-Rotted_Forest2
Name=9
Pos=31066.1,238.626,58402
Orient=0,0.0483889,0,-0.998829
Scale=1.15,1.15,1.15
Flags=1

