[ENTRY]
ID=151044439
Asset=Forest?d=0.9&amp;s=156452&amp;sz=900
Name=9
Pos=31478.1,223.779,61778
Orient=0,-0.947396,0,0.320064
Scale=1.35,1.35,1.35
Flags=1

