[ENTRY]
ID=151058861
Asset=Basic Desert?d=0.1&amp;s=871817&amp;sz=800%0D%0A
Name=9
Pos=31990.4,479.454,92568.1
Orient=0,-0.798621,0,0.601835
Scale=1,1,1
Flags=1

[ENTRY]
ID=151059045
Asset=Manipulator-SpawnPoint
Name=9
Pos=32235.5,301.623,92579.5
Orient=0,0,0,1
Scale=0.4,0.4,0.4
Layer=151011922

