[ENTRY]
ID=151034278
Asset=Prop-Acacia_Tree#Prop-Acacia_Tree4
Name=9
Pos=32588.4,1315.66,80216
Orient=0.00827688,0.670552,0.00561159,0.741795
Scale=1.05,1.05,1.05
Flags=1

[ENTRY]
ID=151058620
Asset=CL-AridBush3#CL-AridBush3
Name=9
Pos=32343.1,1305.94,79989.7
Orient=0,0,0,1
Scale=1,1,1
Flags=1

[ENTRY]
ID=151058621
Asset=CL-AridBush4#CL-AridBush4
Name=9
Pos=32448.1,1303.16,79822.1
Orient=0,0,0,1
Scale=1,1,1
Flags=1

[ENTRY]
ID=151058623
Asset=CL-AridBush2#CL-AridBush2
Name=9
Pos=32520.9,1282.63,80177.9
Orient=0,0,0,1
Scale=1,1,1
Flags=1

