[ENTRY]
ID=151023103
Asset=Forest?d=0.9&amp;s=156422&amp;sz=900
Name=9
Pos=33446,212.222,59652
Orient=0,0.496881,0,0.867819
Scale=1.2,1.2,1.2

