[ENTRY]
ID=151007087
Asset=Prop-Boulder_Arid#Prop-Boulder_Arid6
Name=9
Pos=33955.8,1180.99,89117
Orient=0.046618,-0.386618,0.110262,0.914437
Scale=2.75,2.75,2.75
Flags=1

[ENTRY]
ID=151007089
Asset=Prop-Bush_Arid6#Prop-Bush_Arid6
Name=9
Pos=34063.9,1193.19,89133
Orient=0,0,0,1
Scale=5.5,5.5,5.5
Flags=1

