[ENTRY]
ID=151031545
Asset=Basic Desert?d=0.3&amp;s=871856&amp;sz=800
Name=9
Pos=34419,240.826,70619
Orient=0,-0.237703,0,0.971338
Scale=1,1,1
Flags=1

