[ENTRY]
ID=151022697
Asset=Prop-Mushroom_Glowpod2
Name=9
Pos=34023.6,216.125,61603
Orient=0,0.681639,0,0.731689
Scale=1.225,1.225,1.225
Flags=1

[ENTRY]
ID=151022703
Asset=Prop-Mushroom_Glowpod2
Name=9
Pos=34255.5,205.257,61550
Orient=0,0.681639,0,0.731689
Scale=1.225,1.225,1.225

[ENTRY]
ID=151023094
Asset=Prop-Giant_Mushroom-Rotted1
Name=9
Pos=34282.5,209.991,61697
Orient=-0.188883,-0.218878,0.0432306,0.956319
Scale=1.025,1.025,1.025

[ENTRY]
ID=151023095
Asset=Prop-Giant_Mushroom-Rotted2
Name=9
Pos=34246.7,226.878,61739
Orient=0.104895,-0.0632249,0.0732961,0.989761
Scale=1.025,1.025,1.025

