[ENTRY]
ID=151001177
Asset=Mushrooms_Rotted?d=0.9&amp;s=875617&amp;sz=800
Name=9
Pos=34353.8,226.522,66295.3
Orient=0,0.483807,0,0.875175
Scale=1.275,1.275,1.275
Flags=1

[ENTRY]
ID=151014256
Asset=Manipulator-SpawnPoint
Name=9
Pos=33850.6,186.443,66311
Orient=0,0.620986,0,0.783822
Scale=1,1,1
Layer=150998203

[ENTRY]
ID=151022214
Asset=Manipulator#Manipulator-PathNode
Name=9
Pos=33907.2,210.308,66593
Orient=0,0,0,1
Scale=1,1,1

[ENTRY]
ID=151022244
Asset=Manipulator-SpawnPoint
Name=9
Pos=33946.2,218.538,66658
Orient=0,0,0,1
Scale=1,1,1
Layer=150999913

