[ENTRY]
ID=151006912
Asset=Prop-Bush_AridDead3
Name=9
Pos=33834.5,226.703,67363
Orient=0,0,0,1
Scale=2.95,2.95,2.95
Flags=1

[ENTRY]
ID=151013501
Asset=CL-Rotted_Flora2#CL-Rotted_Flora2
Name=9
Pos=33778.3,226.028,67498
Orient=0,0.663136,0,0.748499
Scale=1.7,1.7,1.7
Flags=1

