[ENTRY]
ID=151058616
Asset=Prop-BonesTex_A#Prop-Bones-Skull_Monster
Name=9
Pos=34284.6,1158.77,78767.5
Orient=0,-0.973848,0,-0.227202
Scale=2.325,2.325,2.325
Flags=1

[ENTRY]
ID=151058619
Asset=CL-AridBush3#CL-AridBush3
Name=9
Pos=33831.9,1243.14,79211.9
Orient=0,0,0,1
Scale=2.3,2.3,2.3
Flags=1

