[ENTRY]
ID=151014116
Asset=Manipulator-SpawnPoint
Name=9
Pos=34998.9,247.249,60790
Orient=0,-0.944148,0,0.329521
Scale=1,1,1
Layer=150998097

[ENTRY]
ID=151020915
Asset=Manipulator-SpawnPoint
Name=9
Pos=34578,224.056,61083
Orient=0,0,0,1
Scale=1,1,1
Layer=150999319

[ENTRY]
ID=151022704
Asset=Prop-Mushroom_Glowpod2
Name=9
Pos=34660,219.883,61160
Orient=0,0.681639,0,0.731689
Scale=1.225,1.225,1.225

[ENTRY]
ID=151022705
Asset=CL-Rotted_Thicket2
Name=9
Pos=34702.4,231.836,60966
Orient=0,0.129635,0,0.991562
Scale=1.4,1.4,1.4
Flags=1

[ENTRY]
ID=151022710
Asset=Prop-Root1
Name=9
Pos=34904.8,237.299,60872
Orient=0,-0.244101,0,-0.96975
Scale=10,10,10

