[ENTRY]
ID=151006116
Asset=Dead-Rotted_Forest?d=0.9&amp;s=871817&amp;sz=800
Name=9
Pos=34503.4,247.305,62641
Orient=0,0.347589,0,0.937647
Scale=1.125,1.125,1.125
Flags=1

[ENTRY]
ID=151006117
Asset=Mushrooms_Rotted?d=0.9&amp;s=871817&amp;sz=800
Name=9
Pos=34505.7,247.763,62630
Orient=0,0.0948572,0,0.995491
Scale=1.65,1.65,1.65
Flags=1

