[ENTRY]
ID=151013428
Asset=CL-Rotted_Flora7#CL-Rotted_Flora7
Name=9
Pos=35210.1,248.692,59995
Orient=0,0,0,1
Scale=2.35,2.35,2.35
Flags=1

[ENTRY]
ID=151014118
Asset=Manipulator-SpawnPoint
Name=9
Pos=35045.8,256.155,59822
Orient=0,0,0,1
Scale=1,1,1
Layer=150998099

[ENTRY]
ID=151019954
Asset=Manipulator-SpawnPoint
Name=9
Pos=34627.8,189.563,59619
Orient=0,0.754571,0,0.656219
Scale=1,1,1
Layer=150999217

