[ENTRY]
ID=151058614
Asset=Prop-Acacia_Tree#Prop-Acacia_Tree2
Name=9
Pos=34722.5,1298.67,79714.5
Orient=0,0.227978,0,0.973666
Scale=0.75,0.75,0.75
Flags=1

[ENTRY]
ID=151058615
Asset=CL-AridBush1#CL-AridBush1
Name=9
Pos=34696.8,1277.86,79743.6
Orient=0,-0.434966,0,0.900447
Scale=1.825,1.825,1.825
Flags=1

