[ENTRY]
ID=151004605
Asset=Arid_Clutter?d=0.9&amp;s=857817&amp;sz=800
Name=9
Pos=34543.6,1157.95,78594
Orient=0,0.352274,0,0.935897
Scale=1,1,1
Flags=1

[ENTRY]
ID=151058526
Asset=CL-AridBush5#CL-AridBush5
Name=9
Pos=34655.5,1151.06,78298.2
Orient=0,-0.522687,0,0.852525
Scale=1.725,1.725,1.725

[ENTRY]
ID=151058528
Asset=CL-Desert4#CL-Desert4
Name=9
Pos=34817.9,1162.67,78439.5
Orient=0,0,0,1
Scale=1.825,1.825,1.825

