[ENTRY]
ID=151022207
Asset=Manipulator-SpawnPoint
Name=9
Pos=35976.9,249.556,66570
Orient=0,0,0,1
Scale=1,1,1
Layer=150999896

[ENTRY]
ID=151022208
Asset=Manipulator-SpawnPoint
Name=9
Pos=35594,231.67,66401
Orient=0,0,0,1
Scale=1,1,1
Layer=150999897

[ENTRY]
ID=151022209
Asset=Manipulator-SpawnPoint
Name=9
Pos=35330.5,232.982,66287
Orient=0,0,0,1
Scale=1,1,1
Layer=150999898

[ENTRY]
ID=151023055
Asset=Forest?d=0.9&amp;s=662323&amp;sz=800
Name=9
Pos=35761,221.622,66423
Orient=0,-0.425939,0,0.904752
Scale=1.25,1.25,1.25
Flags=1

