[ENTRY]
ID=151016705
Asset=Manipulator-SpawnPoint
Name=9
Pos=35454.1,1335.04,91700
Orient=0,0.731146,0,0.682221
Scale=1,1,1
Layer=150998671

[ENTRY]
ID=151016707
Asset=Manipulator-SpawnPoint
Name=9
Pos=35491,1336.02,91652
Orient=0,-0.995881,0,0.0906716
Scale=1,1,1
Layer=150998671

