[ENTRY]
ID=151006136
Asset=Forest?d=0.9&amp;s=846733&amp;sz=800
Name=9
Pos=36528.6,106.677,65345
Orient=0,0.42141,0,0.90687
Scale=1.15,1.15,1.15
Flags=1

[ENTRY]
ID=151014307
Asset=Manipulator-SpawnPoint
Name=9
Pos=36647.8,239.736,65254
Orient=0,0.75128,0,0.659983
Scale=1,1,1
Layer=150998250

[ENTRY]
ID=151022043
Asset=Manipulator-SpawnPoint
Name=9
Pos=36041.9,237.694,65319
Orient=0,0,0,1
Scale=1,1,1
Layer=150999819

