[ENTRY]
ID=151014345
Asset=Manipulator-SpawnPoint
Name=9
Pos=37398,242.939,62957
Orient=0,-0.384808,0,0.922997
Scale=1,1,1
Layer=150998279

[ENTRY]
ID=151022131
Asset=Manipulator-SpawnPoint
Name=9
Pos=36992.2,229.169,62601
Orient=0,0,0,1
Scale=1,1,1
Layer=150999863

[ENTRY]
ID=151022164
Asset=Manipulator-SpawnPoint
Name=9
Pos=37302.3,248.882,62923
Orient=0,0,0,1
Scale=1,1,1
Layer=150999880

