[ENTRY]
ID=151001131
Asset=Forest?d=0.9&amp;s=231457&amp;sz=800
Name=9
Pos=37165,217.581,66441.8
Orient=0,-0.801619,0,0.597835
Scale=1.475,1.475,1.475
Flags=1

