[ENTRY]
ID=151035347
Asset=Arid_Clutter?d=0.9&amp;s=8767817&amp;sz=800
Name=9
Pos=37604.1,1064.25,77291
Orient=0,0,0,1
Scale=1,1,1

[ENTRY]
ID=151058597
Asset=CL-AridBush2#CL-AridBush2
Name=9
Pos=37964.7,1144.88,77279.7
Orient=0,0,0,1
Scale=1.95,1.95,1.95

[ENTRY]
ID=151058598
Asset=CL-AridBush3#CL-AridBush3
Name=9
Pos=37532.1,1051.55,77769.5
Orient=0,-0.998152,0,0.0607587
Scale=2.275,2.275,2.275

