[ENTRY]
ID=151050092
Asset=Manipulator-SpawnPoint
Name=9
Pos=37839.2,312.957,51685
Orient=0,-0.990327,0,-0.138754
Scale=1,1,1
Layer=151008449

[ENTRY]
ID=151054847
Asset=Par-Waves-1-Emitter
Name=9
Pos=37502.4,60.8615,51103
Orient=0,0.999845,0,0.01761
Scale=2.5,2.5,2.5
Flags=1

