[ENTRY]
ID=151059718
Asset=Manipulator-SpawnPoint
Name=9
Pos=38610.9,220.013,70806.2
Orient=0,0,0,1
Scale=1,1,1
Layer=151011961

[ENTRY]
ID=151059719
Asset=Manipulator#Manipulator-PathNode
Name=9
Pos=38662,224.303,70806.9
Orient=0,0,0,1
Scale=1,1,1

[ENTRY]
ID=151059731
Asset=Manipulator-PathNode
Name=9
Pos=38721.7,238.378,71100.4
Orient=0,-0.91071,0,0.413046
Scale=1,1,1

