[ENTRY]
ID=151013617
Asset=Prop-Carrionite_Nests#Prop-Nest-Platform_A
Name=9
Pos=38870.4,1461.8,76408
Orient=0,0.366272,0,0.930508
Scale=1,1,1
Flags=3

[ENTRY]
ID=151036778
Asset=Prop-Nest-Ramp
Name=9
Pos=38927.4,1458.13,76368
Orient=-0.0244124,0.0176621,-0.00360959,-0.999539
Scale=1.275,1.275,1.275
Flags=3

[ENTRY]
ID=151036843
Asset=CL-Wooden_Fence1#CL-Wooden_Fence1
Name=9
Pos=38940.5,1463.06,76417
Orient=0,-0.977865,0,0.209239
Scale=1.5,1.5,1.5
Flags=1

