[ENTRY]
ID=150999822
Asset=Forest?d=0.9&amp;s=836567&amp;sz=500
Name=9
Pos=38458.3,241.28,52052.1
Orient=0,0.900793,0,-0.434248
Scale=1,1,1
Flags=1

