[ENTRY]
ID=151049368
Asset=Manipulator-SpawnPoint
Name=9
Pos=39611.6,106.313,145702
Orient=0,0,0,1
Scale=1,1,1
Layer=151008169

[ENTRY]
ID=151049454
Asset=Manipulator-PathNode
Name=9
Pos=39629.5,105.909,145516
Orient=0,0,0,1
Scale=0.95,0.95,0.95

[ENTRY]
ID=151054140
Asset=Par-Waves-1-Emitter
Name=9
Pos=39193,65.9546,145610
Orient=0,0.679142,0,-0.734007
Scale=3,3,3
Flags=1

