[ENTRY]
ID=151059601
Asset=Prop-Instance_Entrance#Prop-Instance_Entrance
Name=9
Pos=39120.9,1351.17,78029.7
Orient=0,-0.710353,0,0.703846
Scale=1.3,1.3,1.3

