[ENTRY]
ID=151054138
Asset=Effects#Par-Waves-1-Emitter
Name=9
Pos=39193,65.9546,144473
Orient=0,0.732232,0,-0.681056
Scale=3,3,3
Flags=1

