[ENTRY]
ID=151000481
Asset=CL-Market_Stall-Reagents#CL-Market_Stall-Reagents
Name=9
Pos=39752.9,173.749,48348
Orient=0,-0.655617,0,0.755094
Scale=1,1,1
Flags=1

[ENTRY]
ID=151000489
Asset=Prop-Lamp_Post2
Name=9
Pos=39799,173.304,48585.3
Orient=0,0,0,1
Scale=1,1,1
Flags=1

[ENTRY]
ID=151011749
Asset=CL-Market_Stall-Wares1#CL-Market_Stall-Wares1
Name=9
Pos=39813.8,180.715,48662
Orient=-0.00318267,-0.636528,0.00385625,0.771237
Scale=1,1,1
Flags=1

[ENTRY]
ID=151053952
Asset=Prop-Bar
Name=9
Pos=39877.8,183.396,48504
Orient=0,-0.710353,0,0.703845
Scale=1,1,1

