[ENTRY]
ID=151031637
Asset=Manipulator-SpawnPoint
Name=9
Pos=39807.3,236.328,70925
Orient=0,0,0,1
Scale=1,1,1
Layer=151002359

[ENTRY]
ID=151031654
Asset=Manipulator-SpawnPoint
Name=9
Pos=40248.5,216.052,70979
Orient=0,0,0,1
Scale=1,1,1
Layer=151002376

[ENTRY]
ID=151059723
Asset=Manipulator-PathNode
Name=9
Pos=39967.9,221.345,70889.7
Orient=0,-0.91071,0,0.413046
Scale=1,1,1

