[ENTRY]
ID=151014154
Asset=Manipulator-SpawnPoint
Name=9
Pos=39816.5,256.428,65904
Orient=0,0,0,1
Scale=1,1,1
Layer=150998126

[ENTRY]
ID=151014156
Asset=Manipulator-SpawnPoint
Name=9
Pos=40046.6,258.717,65945
Orient=0,0.900101,0,0.435682
Scale=1,1,1
Layer=150998128

