[ENTRY]
ID=151014142
Asset=Manipulator-SpawnPoint
Name=9
Pos=39776.4,254.64,66198
Orient=0,-0.980893,0,0.194548
Scale=1,1,1
Layer=150998115

[ENTRY]
ID=151014155
Asset=Manipulator-SpawnPoint
Name=9
Pos=40177.4,288.275,66181
Orient=0,0,0,1
Scale=1,1,1
Layer=150998127

[ENTRY]
ID=151022186
Asset=Manipulator-SpawnPoint
Name=9
Pos=40096.1,254.52,66266
Orient=0,0,0,1
Scale=1,1,1
Layer=150999885

