[ENTRY]
ID=151037331
Asset=Prop-Bones-Rib
Name=9
Pos=39766.1,1442.26,77719
Orient=0.296822,0.23008,0.564284,0.735217
Scale=5.975,5.975,5.975

