[ENTRY]
ID=151054814
Asset=Par-Waves-1-Emitter
Name=9
Pos=39885.1,65.1878,47207
Orient=0,0.993666,0,0.112373
Scale=2,2,2
Flags=1

