[ENTRY]
ID=151000352
Asset=CL-Roadside3#CL-Roadside3
Name=9
Pos=40330.1,258.691,59584
Orient=0,-0.0898783,0,0.995953
Scale=1,1,1
Flags=1

[ENTRY]
ID=151000457
Asset=CL-Wooden_Fence1
Name=9
Pos=40195.4,258.552,59676
Orient=0,0.997495,0,0.0707365
Scale=1,1,1
Flags=1

