[ENTRY]
ID=151031677
Asset=Manipulator-SpawnPoint
Name=9
Pos=40191.8,306.77,72300
Orient=0,0,0,1
Scale=1,1,1
Layer=151002397

[ENTRY]
ID=151059726
Asset=Manipulator-PathNode
Name=9
Pos=40477.4,251.538,72109.3
Orient=0,-0.91071,0,0.413046
Scale=1,1,1

[ENTRY]
ID=151059727
Asset=Manipulator-PathNode
Name=9
Pos=40055,312.272,72258.6
Orient=0,-0.91071,0,0.413046
Scale=1,1,1

