[ENTRY]
ID=150999812
Asset=Sick_Forest?d=0.9&amp;s=871817&amp;sz=800
Name=9
Pos=40102.3,182.466,53865
Orient=0,-0.624897,0,0.780707
Scale=1.15,1.15,1.15

