[ENTRY]
ID=151031630
Asset=Manipulator-SpawnPoint
Name=9
Pos=40670.3,223.464,70991
Orient=0,0,0,1
Scale=1,1,1
Layer=151002352

[ENTRY]
ID=151031656
Asset=Manipulator-SpawnPoint
Name=9
Pos=40972.3,228.372,71239
Orient=0,0,0,1
Scale=1,1,1
Layer=151002378

[ENTRY]
ID=151059724
Asset=Manipulator-PathNode
Name=9
Pos=40500.8,228.935,71192
Orient=0,-0.91071,0,0.413046
Scale=1,1,1

