[ENTRY]
ID=151049356
Asset=Manipulator-SpawnPoint
Name=9
Pos=40650.9,98.3407,146277
Orient=0,-0.991458,0,0.130424
Scale=1,1,1
Layer=151008161

[ENTRY]
ID=151049357
Asset=Manipulator#Manipulator-PathNode
Name=9
Pos=40525.3,97.3116,146277
Orient=0,0,0,1
Scale=1,1,1

[ENTRY]
ID=151054136
Asset=Par-Waves-1-Emitter
Name=9
Pos=40669.6,90.4643,146701
Orient=0,0,0,1
Scale=3,3,3
Flags=1

