[ENTRY]
ID=151023706
Asset=Manipulator#Manipulator-PathNode
Name=9
Pos=41072.7,235.058,66173
Orient=0,0,0,1
Scale=1,1,1

[ENTRY]
ID=151023707
Asset=Manipulator#Manipulator-PathNode
Name=9
Pos=41110.3,216.522,66036
Orient=0,0,-0.114747,0.993395
Scale=1,1,1

[ENTRY]
ID=151023709
Asset=Manipulator#Manipulator-PathNode
Name=9
Pos=41169.7,192.85,66104
Orient=0,0,0,1
Scale=1,1,1

