[ENTRY]
ID=151054028
Asset=Manipulator-SpawnPoint
Name=9
Pos=41423.4,271.094,59842
Orient=0,0,0,1
Scale=1,1,1
Layer=151010123

[ENTRY]
ID=151054029
Asset=Manipulator-SpawnPoint
Name=9
Pos=41319.6,265.965,59937
Orient=0,0.686609,0,0.727027
Scale=1,1,1
Layer=151010124

[ENTRY]
ID=151054031
Asset=Manipulator-SpawnPoint
Name=9
Pos=41546.3,268.55,59840
Orient=0,0.99871,0,0.0507745
Scale=1,1,1
Layer=151010125

