[ENTRY]
ID=151018643
Asset=CL-Market_Stall-Wares1#CL-Market_Stall-Wares1
Name=9
Pos=41964.3,153.999,66107
Orient=0,-0.560509,0,0.828149
Scale=1,1,1
Flags=1

