[ENTRY]
ID=151018086
Asset=Manipulator-SpawnPoint
Name=9
Pos=41860.2,205.762,158870
Orient=0,0,0,1
Scale=1,1,1
Layer=150999000

[ENTRY]
ID=151018087
Asset=Manipulator-SpawnPoint
Name=9
Pos=41888.3,181.275,158582
Orient=0,0,0,1
Scale=1,1,1
Layer=150999001

[ENTRY]
ID=151054666
Asset=Par-Waves-1-Emitter
Name=9
Pos=41529.9,64.691,158709
Orient=0,-0.732382,0,0.680894
Scale=3,3,3

