[ENTRY]
ID=151058541
Asset=Prop-Acacia_Tree#Prop-Acacia_Tree7
Name=9
Pos=42124.1,1222.03,76627.1
Orient=0,0,0,1
Scale=0.425,0.425,0.425
Flags=1

[ENTRY]
ID=151058544
Asset=CL-AridBush4#CL-AridBush4
Name=9
Pos=42157.2,1221.41,76620.5
Orient=0,-0.261909,0,0.965093
Scale=0.675,0.675,0.675
Flags=1

[ENTRY]
ID=151058555
Asset=Prop-Bush_AridDead1#Prop-Bush_AridDead1
Name=9
Pos=42588.2,1211.68,76717.9
Orient=0,0,0,1
Scale=2.3,2.3,2.3
Flags=1

