[ENTRY]
ID=151018080
Asset=Manipulator-SpawnPoint
Name=9
Pos=42159,187.328,157651
Orient=0,0,0,1
Scale=1,1,1
Layer=150998994

[ENTRY]
ID=151019571
Asset=Par-Waves-1-Emitter
Name=9
Pos=42400.7,62.0909,157940
Orient=0,-0.36479,0,-0.93109
Scale=2,2,2
Flags=1

