[ENTRY]
ID=151049380
Asset=Manipulator-SpawnPoint
Name=9
Pos=43433.4,71.1709,143096
Orient=0,0,0,1
Scale=1,1,1
Layer=151008181

[ENTRY]
ID=151049434
Asset=Manipulator-PathNode
Name=9
Pos=43375.3,74.0986,143204
Orient=0,0,0,1
Scale=1,1,1

[ENTRY]
ID=151054152
Asset=Effects#Par-Waves-1-Emitter
Name=9
Pos=43039.1,84.9323,143106
Orient=0,0.914151,0,-0.405374
Scale=3,3,3
Flags=1

