[ENTRY]
ID=151020518
Asset=Manipulator-SpawnPoint
Name=9
Pos=43392.7,61.8585,160021
Orient=0,0,0,1
Scale=1,1,1
Layer=150999256

[ENTRY]
ID=151020519
Asset=Manipulator-SpawnPoint
Name=9
Pos=43499,61.4481,160101
Orient=0,0,0,1
Scale=1,1,1
Layer=150999257

[ENTRY]
ID=151054659
Asset=Par-Waves-1-Emitter
Name=9
Pos=42964.7,64.691,160219
Orient=0,-0.146287,0,0.989242
Scale=3,3,3

