[ENTRY]
ID=151054785
Asset=Effects#Par-Waves-1-Emitter
Name=9
Pos=44229.3,60.2112,46260
Orient=0,0.973119,0,-0.230302
Scale=1,1,1
Flags=1

[ENTRY]
ID=151054791
Asset=Effects#Par-Waves-1-Emitter
Name=9
Pos=43834.9,62.1875,46466
Orient=0,-0.993303,0,0.115538
Scale=2,2,2
Flags=1

