[ENTRY]
ID=151049347
Asset=Manipulator-SpawnPoint
Name=9
Pos=43860.3,172.811,146393
Orient=0,0,0,1
Scale=1,1,1
Layer=151008152

[ENTRY]
ID=151054132
Asset=Effects#Par-Waves-1-Emitter
Name=9
Pos=43947.8,74.6451,146912
Orient=0,0.0349929,0,0.999388
Scale=2,2,2
Flags=1

