[ENTRY]
ID=151010212
Asset=CL-Hills_Tree4#CL-Hills_Tree4
Name=9
Pos=43606.8,391.912,159845
Orient=0,0.239249,0,-0.970958
Scale=2.075,2.075,2.075
Flags=1

[ENTRY]
ID=151020520
Asset=Manipulator-SpawnPoint
Name=9
Pos=43680,63.1724,160145
Orient=0,0,0,1
Scale=1,1,1
Layer=150999258

