[ENTRY]
ID=151024025
Asset=Manipulator-SpawnPoint
Name=9
Pos=43538.7,282.012,64762.8
Orient=0,0,0,1
Scale=1,1,1
Layer=151000239

[ENTRY]
ID=151024027
Asset=Manipulator-SpawnPoint
Name=9
Pos=43617.2,291.484,64578
Orient=0,0,0,1
Scale=1,1,1
Layer=151000241

[ENTRY]
ID=151059017
Asset=Prop-Tree-Cut_Down_Oak1#Prop-Tree-Cut_Down_Oak1
Name=9
Pos=43956.6,216.588,64791.3
Orient=0,0.836026,0,0.54869
Scale=2.025,2.025,2.025
Flags=1

[ENTRY]
ID=151059021
Asset=Prop-Tree-Cut_Down_Oak1
Name=9
Pos=43965.1,216.202,64843.1
Orient=-0.113715,-0.984462,-0.0153534,-0.132918
Scale=2.025,2.025,2.025
Flags=1

