[ENTRY]
ID=151000921
Asset=CL-Plains_Bush2#CL-Plains_Bush2
Name=9
Pos=44127,205.914,154396
Orient=0,-0.564642,0,0.825336
Scale=1,1,1
Flags=1

[ENTRY]
ID=151018222
Asset=Manipulator-SpawnPoint
Name=9
Pos=43584.6,236.618,154377
Orient=0,0,0,1
Scale=1,1,1
Layer=150999002

[ENTRY]
ID=151018236
Asset=Manipulator-SpawnPoint
Name=9
Pos=44248.3,188.979,154137
Orient=0,0,0,1
Scale=1,1,1
Layer=150999004

