[ENTRY]
ID=151020522
Asset=Manipulator#Manipulator-PathNode
Name=9
Pos=44217.7,219.805,160621
Orient=0,0,0,1
Scale=0.975,0.975,0.975

[ENTRY]
ID=151054656
Asset=Par-Waves-1-Emitter
Name=9
Pos=43614.3,64.691,160571
Orient=0,-0.66822,0,0.743963
Scale=3,3,3

