[ENTRY]
ID=151012036
Asset=Sick-Rotted_Forest?d=0.9&amp;s=231437&amp;sz=800
Name=9
Pos=43704.2,279.686,66195
Orient=0,0.918788,0,0.394751
Scale=1.425,1.425,1.425
Flags=1

