[ENTRY]
ID=151058629
Asset=Prop-Tree-Cut_Down_Oak1
Name=9
Pos=44141.6,180.209,68446.4
Orient=-0.0701922,-0.707908,-0.069708,-0.699343
Scale=1.375,1.375,1.375
Flags=1

[ENTRY]
ID=151059421
Asset=CL-Fence_Rotted
Name=9
Pos=44217.6,159.841,68472.8
Orient=0.03849,-0.902673,-0.0921149,-0.418586
Scale=1.5,1.5,1.5

