[ENTRY]
ID=151040844
Asset=Prop-Boulder3
Name=9
Pos=44926.3,39.1591,133548
Orient=0.0948572,0,0,0.995491
Scale=8.325,8.325,8.325
Flags=1

[ENTRY]
ID=151046294
Asset=Manipulator-SpawnPoint
Name=9
Pos=44360.2,175.014,133865
Orient=0,0,0,1
Scale=1,1,1
Layer=151006254

