[ENTRY]
ID=151049270
Asset=Manipulator-PathNode
Name=9
Pos=44339.1,114.463,146155
Orient=0,0,0,1
Scale=1,1,1

[ENTRY]
ID=151049334
Asset=Manipulator-SpawnPoint
Name=9
Pos=44274.1,249.476,145841
Orient=0,0,0,1
Scale=1,1,1
Layer=151008139

[ENTRY]
ID=151049335
Asset=Manipulator-SpawnPoint
Name=9
Pos=44460.5,151.058,146029
Orient=0,0,0,1
Scale=1,1,1
Layer=151008140

[ENTRY]
ID=151054130
Asset=Effects#Par-Waves-1-Emitter
Name=9
Pos=44970.1,62.6021,146243
Orient=0,0.543835,0,0.839192
Scale=3,3,3
Flags=1

