[ENTRY]
ID=151000939
Asset=Hill_Trees?d=0.9&amp;s=871657&amp;sz=800
Name=9
Pos=44319.8,172.441,155375
Orient=0,-0.859862,0,0.510526
Scale=1,1,1
Flags=1

[ENTRY]
ID=151018249
Asset=Manipulator-SpawnPoint
Name=9
Pos=44482.5,315.022,155920
Orient=0,0,0,1
Scale=1,1,1
Layer=150999008

[ENTRY]
ID=151018252
Asset=Manipulator-SpawnPoint
Name=9
Pos=44978.5,259.601,155832
Orient=0,0,0,1
Scale=1,1,1
Layer=150999008

