[ENTRY]
ID=151054788
Asset=Par-Waves-1-Emitter
Name=9
Pos=44618.6,60.793,46065
Orient=0,0.973119,0,-0.230302
Scale=1,1,1
Flags=1

[ENTRY]
ID=151054789
Asset=Par-Waves-1-Emitter
Name=9
Pos=44475,62.1254,46114
Orient=0,0.973119,0,-0.230302
Scale=1,1,1
Flags=1

