[ENTRY]
ID=151024032
Asset=Manipulator-SpawnPoint
Name=9
Pos=44572.6,223.36,64255
Orient=0,0,0,1
Scale=1,1,1
Layer=151000246

[ENTRY]
ID=151059027
Asset=CL-Dead-Rotted_Forest1#CL-Dead-Rotted_Forest1
Name=9
Pos=44798.8,355.483,64113
Orient=0,0.999667,0,0.0257936
Scale=0.75,0.75,0.75
Flags=1

[ENTRY]
ID=151059028
Asset=CL-Dead-Rotted_Forest2
Name=9
Pos=44482.2,227.753,64004.6
Orient=0,0.617059,0,0.786917
Scale=2.85,2.85,2.85
Flags=1

[ENTRY]
ID=151059108
Asset=Prop-Log2#Prop-Log2
Name=9
Pos=44996.5,199.744,64301.2
Orient=0,-0.492535,0,0.870293
Scale=2.25,2.25,2.25

[ENTRY]
ID=151059225
Asset=CL-Mushroom_Rotted2#CL-Mushroom_Rotted2
Name=9
Pos=44912.1,227.799,64476.3
Orient=0,0,0,1
Scale=1,1,1

