[ENTRY]
ID=151054768
Asset=Par-Waves-1-Emitter
Name=9
Pos=45654.1,61.1891,42692
Orient=0,0.941344,0,-0.337447
Scale=2,2,2

