[ENTRY]
ID=151040842
Asset=Prop-Boulder1
Name=9
Pos=45389.6,69.6201,133196
Orient=0.208957,-0.636255,-0.252444,0.698419
Scale=10,10,10
Flags=1

[ENTRY]
ID=151046124
Asset=Manipulator-SpawnPoint
Name=9
Pos=45623.2,262.724,132889
Orient=0,0,0,1
Scale=1,1,1
Layer=151006184

[ENTRY]
ID=151046280
Asset=Manipulator-SpawnPoint
Name=9
Pos=45299.2,54.1611,133473
Orient=0,0,0,1
Scale=1,1,1
Layer=151006254

[ENTRY]
ID=151046282
Asset=Manipulator-SpawnPoint
Name=9
Pos=45125.5,53.4135,133399
Orient=0,0,0,1
Scale=1,1,1
Layer=151006254

