[ENTRY]
ID=151042654
Asset=Forest?d=0.9&amp;s=81712&amp;sz=800
Name=9
Pos=45617.8,469.478,53031.3
Orient=0,-0.761096,0,0.64864
Scale=1.575,1.575,1.575
Flags=1

