[ENTRY]
ID=151000940
Asset=Hill_Trees?d=0.9&amp;s=75657&amp;sz=800
Name=9
Pos=45265.6,257.055,154762
Orient=0,0.104807,0,0.994493
Scale=1,1,1
Flags=1

[ENTRY]
ID=151017965
Asset=Manipulator-SpawnPoint
Name=9
Pos=45570.8,194.671,154728
Orient=0,0,0,1
Scale=1,1,1
Layer=150997889

