[ENTRY]
ID=151049033
Asset=Manipulator-SpawnPoint
Name=9
Pos=45707.9,112.655,140315
Orient=0,0,0,1
Scale=1,1,1
Layer=151007967

[ENTRY]
ID=151054163
Asset=Effects#Par-Waves-1-Emitter
Name=9
Pos=45121.1,76.4563,140251
Orient=0,-0.827702,0,0.561168
Scale=3,3,3
Flags=1

