[ENTRY]
ID=151054731
Asset=Par-Waves-1-Emitter
Name=9
Pos=45560.6,64.691,153281
Orient=0,0.996184,0,-0.0872787
Scale=3,3,3

