[ENTRY]
ID=151054179
Asset=Par-Waves-1-Emitter
Name=9
Pos=45713.4,67.2131,139482
Orient=0,-0.999983,0,0.00579616
Scale=2,2,2

