[ENTRY]
ID=151059023
Asset=Prop-Fog#Prop-Fog_Green_Ground
Name=9
Pos=45226.8,186.28,64142.1
Orient=0,0,0,1
Scale=1.375,1.375,1.375
Flags=1

[ENTRY]
ID=151059226
Asset=CL-Rotted_Thicket2#CL-Rotted_Thicket2
Name=9
Pos=45625.5,191.54,64458
Orient=0,0.624897,0,0.780707
Scale=1,1,1

[ENTRY]
ID=151059227
Asset=CL-Rotted_Thicket2
Name=9
Pos=45491.7,188.567,64416.7
Orient=0,-0.32877,0,0.94441
Scale=1,1,1

