[ENTRY]
ID=151024258
Asset=Manipulator-SpawnPoint
Name=9
Pos=46319.3,271.689,70035
Orient=0,0,0,1
Scale=1,1,1
Layer=151000366

[ENTRY]
ID=151024263
Asset=Manipulator-SpawnPoint
Name=9
Pos=46233,252.262,70255
Orient=0,0,0,1
Scale=0.95,0.95,0.95
Layer=151000369

[ENTRY]
ID=151058842
Asset=CL-Mushroom_Rotted2
Name=9
Pos=46231.1,275.63,69836.5
Orient=0,0,0,1
Scale=0.85,0.85,0.85
Flags=1

[ENTRY]
ID=151058846
Asset=Prop-Tree-Cut_Down_Oak1
Name=9
Pos=46398.1,295.782,70143.2
Orient=0,-0.984865,0,-0.173324
Scale=1,1,1
Flags=1

