[ENTRY]
ID=151059772
Asset=Manipulator-SpawnPoint
Name=9
Pos=46130,746.014,44240
Orient=0,0,0,1
Scale=1,1,1
Layer=151011975

[ENTRY]
ID=151059774
Asset=Manipulator-SpawnPoint
Name=9
Pos=46435,743.928,43820
Orient=0,-0.92388,0,0.382683
Scale=1,1,1
Layer=151011976

