[ENTRY]
ID=151019414
Asset=Prop-Fences#Prop-Wooden_Barricade1
Name=9
Pos=45768.6,223.343,158896
Orient=0.130377,0.459461,-0.185086,0.85886
Scale=1.7,1.7,1.7
Flags=1

[ENTRY]
ID=151019415
Asset=Prop-Wooden_Barricade1
Name=9
Pos=45799.7,383.907,158271
Orient=0.264284,0.441286,-0.0681813,0.854852
Scale=3.125,3.125,3.125
Flags=1

[ENTRY]
ID=151023341
Asset=Manipulator#Manipulator-PathNode
Name=9
Pos=45754.5,225.063,158764
Orient=0,0,0,1
Scale=1,1,1

