[ENTRY]
ID=151053953
Asset=Effects#Par-Waves-1-Emitter
Name=9
Pos=45753.4,73.778,136930
Orient=0,-0.144493,0,0.989506
Scale=1.5,1.5,1.5
Flags=1

