[ENTRY]
ID=151024406
Asset=Manipulator-SpawnPoint
Name=9
Pos=46301.2,435.895,75088
Orient=0,0,0,1
Scale=1,1,1
Layer=151000415

[ENTRY]
ID=151024418
Asset=Manipulator#Manipulator-PathNode
Name=9
Pos=45858.3,454.077,75187
Orient=0,0,0,1
Scale=1,1,1

[ENTRY]
ID=151024419
Asset=Manipulator-PathNode
Name=9
Pos=46015.5,426.932,75449
Orient=0,0,0,1
Scale=1,1,1

[ENTRY]
ID=151024420
Asset=Manipulator-PathNode
Name=9
Pos=45975.6,470.378,75174
Orient=0,0,0,1
Scale=1,1,1

[ENTRY]
ID=151059173
Asset=CL-Rotted_Flora5#CL-Rotted_Flora5
Name=9
Pos=46394.6,288.7,75552.3
Orient=0,-0.548025,0,0.836462
Scale=1.475,1.475,1.475
Flags=1

