[ENTRY]
ID=151024203
Asset=Manipulator-SpawnPoint
Name=9
Pos=46023.8,361.454,69298
Orient=0,0,0,1
Scale=1,1,1
Layer=151000333

[ENTRY]
ID=151026573
Asset=Prop-Mushroom_Glowpod#Prop-Mushroom_Glowpod2
Name=9
Pos=46228.2,314.874,69072
Orient=-0.0712561,0.616884,-0.089941,0.778645
Scale=2.175,2.175,2.175
Flags=1

[ENTRY]
ID=151026574
Asset=Prop-Mushroom_Glowpod2
Name=9
Pos=46214.9,317.6,69078
Orient=-0.0360231,0.917127,-0.0951894,0.385383
Scale=1.3,1.3,1.3
Flags=1

