[ENTRY]
ID=151059760
Asset=Manipulator-SpawnPoint
Name=9
Pos=47140,372.524,45665
Orient=0,-0.707107,0,0.707107
Scale=1,1,1
Layer=151011968

[ENTRY]
ID=151059766
Asset=Manipulator-SpawnPoint
Name=9
Pos=47060,531.87,45385
Orient=0,0.92388,0,0.382683
Scale=1,1,1
Layer=151011971

[ENTRY]
ID=151059769
Asset=Manipulator-SpawnPoint
Name=9
Pos=46580,804.799,45005
Orient=0,0.92388,0,0.382683
Scale=1,1,1
Layer=151011973

