[ENTRY]
ID=151001688
Asset=CL-Hills_Bush6#CL-Hills_Bush6
Name=9
Pos=47099.5,179.874,156129
Orient=0,0.66687,0,0.745174
Scale=1.425,1.425,1.425
Flags=1

[ENTRY]
ID=151019756
Asset=Prop-Dead-Forest-Tree5
Name=9
Pos=47192.1,188.181,156076
Orient=0,0,0,1
Scale=1,1,1
Flags=1

