[ENTRY]
ID=151024425
Asset=Manipulator-SpawnPoint
Name=9
Pos=46870.2,303.351,75992
Orient=0,-0.416871,0,0.908966
Scale=1,1,1
Layer=151000423

[ENTRY]
ID=151024426
Asset=Manipulator#Manipulator-PathNode
Name=9
Pos=47076.4,306.697,76218
Orient=0,0,0,1
Scale=1,1,1

[ENTRY]
ID=151024429
Asset=Manipulator-PathNode
Name=9
Pos=47172.8,307.659,76316
Orient=0,0,0,1
Scale=1,1,1

[ENTRY]
ID=151024431
Asset=Manipulator-SpawnPoint
Name=9
Pos=47181.9,327.667,76203
Orient=0,0,0,1
Scale=1,1,1
Layer=151000424

