[ENTRY]
ID=151001686
Asset=CL-Hills_Bush4#CL-Hills_Bush4
Name=9
Pos=47027.5,295.467,157512
Orient=0,-0.276356,0,0.961055
Scale=1,1,1
Flags=1

[ENTRY]
ID=151013640
Asset=Manipulator-SpawnPoint
Name=9
Pos=46722.2,333.7,157989
Orient=0,0,0,1
Scale=1,1,1
Flags=1
Layer=150997917

