[ENTRY]
ID=151015719
Asset=CL-Dead-Rotted_Forest5#CL-Dead-Rotted_Forest5
Name=9
Pos=47061.9,206.233,68391
Orient=0,0.632673,0,0.774419
Scale=1.625,1.625,1.625
Flags=1

[ENTRY]
ID=151024816
Asset=Manipulator-SpawnPoint
Name=9
Pos=46560.2,237.055,68280
Orient=0,0,0,1
Scale=1,1,1
Layer=151000587

[ENTRY]
ID=151025344
Asset=CL-Rotted_Flora7
Name=9
Pos=47210,208.789,68336
Orient=0,-0.971527,0,-0.236929
Scale=2.675,2.675,2.675
Flags=1

