[ENTRY]
ID=151059768
Asset=Manipulator-SpawnPoint
Name=9
Pos=46840,727.932,44750
Orient=0,0.707107,0,0.707107
Scale=1,1,1
Layer=151011973

