[ENTRY]
ID=151015704
Asset=CL-Mushroom_Rotted3#CL-Mushroom_Rotted3
Name=9
Pos=46850.7,209.935,68018
Orient=0,0.29552,0,0.955337
Scale=1,1,1
Flags=1

[ENTRY]
ID=151015718
Asset=CL-Dead-Rotted_Forest5#CL-Dead-Rotted_Forest5
Name=9
Pos=47104.6,238.827,67702
Orient=0,-0.159318,0,0.987227
Scale=2.05,2.05,2.05
Flags=1

[ENTRY]
ID=151025324
Asset=CL-Rotted_Flora4#CL-Rotted_Flora4
Name=9
Pos=47067.9,221.87,67856
Orient=0,0.91071,0,0.413046
Scale=2.775,2.775,2.775
Flags=1

[ENTRY]
ID=151025331
Asset=CL-Rotted_Flora6#CL-Rotted_Flora6
Name=9
Pos=47026.9,217.286,67993
Orient=0,0,0,1
Scale=2,2,2
Flags=1

