[ENTRY]
ID=151001267
Asset=CL-Hills_Tree4#CL-Hills_Tree4
Name=9
Pos=46813,261.31,159149
Orient=0,0.37092,0,0.928665
Scale=1.425,1.425,1.425
Flags=1

[ENTRY]
ID=151019179
Asset=Manipulator-SpawnPoint
Name=9
Pos=47245.1,337.833,159123
Orient=0,0,0,1
Scale=1,1,1
Layer=150999094

