[ENTRY]
ID=151001263
Asset=CL-Plains_Bush2#CL-Plains_Bush2
Name=9
Pos=47372.7,264.915,159163
Orient=0,0.994409,0,0.105599
Scale=1,1,1
Flags=1

[ENTRY]
ID=151019183
Asset=Manipulator-SpawnPoint
Name=9
Pos=47861.9,282.425,159449
Orient=0,0,0,1
Scale=1,1,1
Layer=150999098

