[ENTRY]
ID=151024072
Asset=Manipulator-SpawnPoint
Name=9
Pos=47824.5,257.29,67069
Orient=0,0,0,1
Scale=1,1,1
Layer=151000275

[ENTRY]
ID=151024074
Asset=Manipulator-SpawnPoint
Name=9
Pos=47390.7,273.759,66850
Orient=0,0,0,1
Scale=1,1,1
Layer=151000277

[ENTRY]
ID=151058828
Asset=CL-Mushroom_Rotted2#CL-Mushroom_Rotted2
Name=9
Pos=47660.7,226.106,66905.8
Orient=0,0.767543,0,0.640997
Scale=1.15,1.15,1.15
Flags=1

[ENTRY]
ID=151058829
Asset=CL-Mushroom_Rotted2
Name=9
Pos=47772.5,213.131,67202
Orient=0,0.767543,0,0.640997
Scale=2.05,2.05,2.05

