[ENTRY]
ID=151046309
Asset=Manipulator-SpawnPoint
Name=9
Pos=47645.3,193.343,131918
Orient=0,0.95657,0,0.291502
Scale=1,1,1
Layer=151006264

[ENTRY]
ID=151046310
Asset=Manipulator#Manipulator-PathNode
Name=9
Pos=47406.1,238.704,131815
Orient=0,0,0,1
Scale=1,1,1

[ENTRY]
ID=151046311
Asset=Manipulator-PathNode
Name=9
Pos=47297.6,203.16,131937
Orient=0,0,0,1
Scale=1,1,1

[ENTRY]
ID=151054216
Asset=Effects#Par-Waves-1-Emitter
Name=9
Pos=47901.7,78.3844,131449
Orient=0,-0.946885,0,-0.321572
Scale=2.5,2.5,2.5
Flags=1

