[ENTRY]
ID=151001818
Asset=Forest?d=1&amp;s=872121&amp;sz=800
Name=9
Pos=47494.8,318.762,55795.1
Orient=0,-0.0299952,0,0.99955
Scale=1.35,1.35,1.35
Flags=1

