[ENTRY]
ID=151052169
Asset=Manipulator-SpawnPoint
Name=9
Pos=47870.2,497.074,48369
Orient=0,-0.984588,0,0.174892
Scale=0.975,0.975,0.975
Layer=151009399

[ENTRY]
ID=151052170
Asset=Manipulator#Manipulator-PathNode
Name=9
Pos=47656.6,526.894,48339
Orient=0,0,0,1
Scale=1,1,1

[ENTRY]
ID=151052172
Asset=Manipulator-PathNode
Name=9
Pos=47372.3,433.917,48427
Orient=0,0,0,1
Scale=1,1,1

