[ENTRY]
ID=151046136
Asset=Manipulator-SpawnPoint
Name=9
Pos=47695.9,211.326,133604
Orient=0,0,0,1
Scale=1,1,1
Layer=151006196

[ENTRY]
ID=151046137
Asset=Manipulator-SpawnPoint
Name=9
Pos=47966.3,203.377,133872
Orient=0,0,0,1
Scale=1,1,1
Layer=151006197

[ENTRY]
ID=151046187
Asset=Manipulator-SpawnPoint
Name=9
Pos=47947.4,249.7,134246
Orient=0,0.916803,0,0.39934
Scale=1,1,1
Layer=151006239

[ENTRY]
ID=151046188
Asset=Manipulator#Manipulator-PathNode
Name=9
Pos=47475.2,264.352,133883
Orient=0,0,0,1
Scale=1,1,1

