[ENTRY]
ID=151024063
Asset=Manipulator-SpawnPoint
Name=9
Pos=47262,200.076,65834
Orient=0,0,0,1
Scale=1,1,1
Layer=151000267

[ENTRY]
ID=151024079
Asset=Manipulator-SpawnPoint
Name=9
Pos=47374.4,211.548,65893
Orient=0,-0.906534,0,0.422132
Scale=1,1,1
Layer=151000282

