[ENTRY]
ID=151059764
Asset=Manipulator-SpawnPoint
Name=9
Pos=47445,439.995,44995
Orient=0,0.92388,0,-0.382683
Scale=1,1,1
Layer=151011970

