[ENTRY]
ID=151058454
Asset=CL-Sick-Forest3
Name=9
Pos=47832.8,1427.06,78112.9
Orient=0,0.977146,0,-0.21257
Scale=1.175,1.175,1.175

