[ENTRY]
ID=151059084
Asset=Lights#Light-Large?COLOR=99FF00
Name=9
Pos=47256.4,236.746,71001.7
Orient=0,0,0,1
Scale=1,1,1

[ENTRY]
ID=151059176
Asset=Prop-Tree-Cut_Down_Oak1
Name=9
Pos=47527.9,217.893,70939.3
Orient=-0.00136003,-0.995769,-0.0149377,0.0906616
Scale=1.925,1.925,1.925
Flags=1

[ENTRY]
ID=151059330
Asset=CL-Fence_Rotted
Name=9
Pos=47275.7,207.315,70931.2
Orient=0,0.239249,0,-0.970958
Scale=1.5,1.5,1.5

[ENTRY]
ID=151059400
Asset=CL-Roadside_Rotted1#CL-Roadside_Rotted1
Name=9
Pos=47283.9,207.129,71026.6
Orient=0,0.981854,0,0.189641
Scale=1.5,1.5,1.5

