[ENTRY]
ID=151044637
Asset=Manipulator-SpawnPoint
Name=9
Pos=47804.7,167.995,146320
Orient=0,0,0,1
Scale=1,1,1
Layer=151005580

[ENTRY]
ID=151044638
Asset=Manipulator-SpawnPoint
Name=9
Pos=47638.8,125.394,146454
Orient=0,0.947396,0,0.320063
Scale=1.05,1.05,1.05
Layer=151005581

[ENTRY]
ID=151044639
Asset=Manipulator#Manipulator-PathNode
Name=9
Pos=47491.7,146.579,146335
Orient=0,0,0,1
Scale=1,1,1

[ENTRY]
ID=151054115
Asset=Effects#Par-Waves-1-Emitter
Name=9
Pos=47311,63.8059,146567
Orient=0,0.341402,0,-0.939917
Scale=3,3,3

