[ENTRY]
ID=151001238
Asset=Hill_Trees?d=0.9&amp;s=871817&amp;sz=800
Name=9
Pos=48740,105,160190
Orient=0,0.92388,0,0.382683
Scale=1,1,1
Flags=1

[ENTRY]
ID=151013665
Asset=Manipulator-SpawnPoint
Name=9
Pos=48481.4,178.116,159843
Orient=0,0,0,1
Scale=1,1,1
Layer=150997920

