[ENTRY]
ID=151044658
Asset=Manipulator-SpawnPoint
Name=9
Pos=48719.5,200.33,144195
Orient=0,0,0,1
Scale=1,1,1
Layer=151005591

[ENTRY]
ID=151044660
Asset=Manipulator-SpawnPoint
Name=9
Pos=48682.4,204.271,144643
Orient=0,-0.29074,0,0.956802
Scale=1,1,1
Layer=151005593

