[ENTRY]
ID=151052154
Asset=Manipulator#Manipulator-PathNode
Name=9
Pos=48432.1,506.958,48209
Orient=0,0,0,1
Scale=1,1,1

[ENTRY]
ID=151052163
Asset=Manipulator-SpawnPoint
Name=9
Pos=48115.7,495.291,48485
Orient=0,0,0,1
Scale=1,1,1
Layer=151009395

[ENTRY]
ID=151052164
Asset=Manipulator-SpawnPoint
Name=9
Pos=48295.1,473.088,48392
Orient=0,-0.777072,0,0.629412
Scale=1,1,1
Layer=151009396

