[ENTRY]
ID=151059776
Asset=Manipulator-SpawnPoint
Name=9
Pos=48420,492.388,44480
Orient=0,-1,0,7.54979e-008
Scale=1,1,1
Layer=151011978

[ENTRY]
ID=151059777
Asset=Manipulator-SpawnPoint
Name=9
Pos=48220,513.313,44785
Orient=0,0.707107,0,0.707107
Scale=1,1,1
Layer=151011978

