[ENTRY]
ID=151047809
Asset=Manipulator-SpawnPoint
Name=9
Pos=48098,176.173,128925
Orient=0,0,0,1
Scale=1,1,1
Layer=151007283

[ENTRY]
ID=151047810
Asset=Manipulator-SpawnPoint
Name=9
Pos=48411.3,291.069,128640
Orient=0,0,0,1
Scale=1,1,1
Layer=151007284

[ENTRY]
ID=151047813
Asset=Manipulator-SpawnPoint
Name=9
Pos=48568.5,311.425,128377
Orient=0,0.394019,0,0.919102
Scale=1,1,1
Layer=151007287

