[ENTRY]
ID=151024232
Asset=Manipulator-SpawnPoint
Name=9
Pos=48036.8,224.167,71128
Orient=0,0,0,1
Scale=1,1,1
Layer=151000348

[ENTRY]
ID=151059180
Asset=Prop-Giant_Mushroom_Chopped#Prop-Giant_Mushroom_Stump
Name=9
Pos=48153.1,211.754,70663.8
Orient=0,-0.867423,0,0.497571
Scale=1,1,1
Flags=1

