[ENTRY]
ID=151046179
Asset=Manipulator-SpawnPoint
Name=9
Pos=48205.4,175.787,136621
Orient=0,0,0,1
Scale=1,1,1
Layer=151006233

[ENTRY]
ID=151048839
Asset=Prop-Boat1#Prop-Boat1
Name=9
Pos=48109.9,94.3713,136874
Orient=0,0.514136,0,0.857709
Scale=1.9,1.9,1.9

[ENTRY]
ID=151048840
Asset=Prop-Boat1
Name=9
Pos=48030.4,94.2354,136896
Orient=0,0.916803,0,0.39934
Scale=1.9,1.9,1.9

[ENTRY]
ID=151053955
Asset=Effects#Par-Waves-1-Emitter
Name=9
Pos=48564.8,67.1125,137064
Orient=0,0,0,1
Scale=2,2,2
Flags=1

[ENTRY]
ID=151054198
Asset=Par-Waves-1-Emitter
Name=9
Pos=48020.6,67.1125,136998
Orient=0,0,0,1
Scale=1.5,1.5,1.5
Flags=1

