[ENTRY]
ID=151054186
Asset=Effects#Par-Waves-1-Emitter
Name=9
Pos=48053.4,63.7119,139083
Orient=0,-0.998628,0,-0.0523658
Scale=3,3,3
Flags=1

