[ENTRY]
ID=151039713
Asset=Manipulator-SpawnPoint
Name=9
Pos=49344.1,253.242,83273.4
Orient=0,0,0,1
Scale=1,1,1
Layer=151004591

[ENTRY]
ID=151039715
Asset=Manipulator-SpawnPoint
Name=9
Pos=49223.9,235.775,83621
Orient=0,0,0,1
Scale=1,1,1
Layer=151004592

[ENTRY]
ID=151059668
Asset=CL-Rotted_Thicket1
Name=9
Pos=49366.3,165.211,83748.1
Orient=0,0.904412,0,0.42666
Scale=1.475,1.475,1.475

