[ENTRY]
ID=151028975
Asset=CL-Sick-Rotted_Forest2#CL-Sick-Rotted_Forest2
Name=9
Pos=49349.8,281.412,82234
Orient=0,0,0,1
Scale=2.25,2.25,2.25
Flags=1

[ENTRY]
ID=151058985
Asset=Prop-Tree-Cut_Down_Oak1
Name=9
Pos=49019,350.816,82494.8
Orient=-0.0549371,-0.997848,0.00196739,0.0357346
Scale=1.825,1.825,1.825
Flags=1

