[ENTRY]
ID=151047939
Asset=Manipulator-SpawnPoint
Name=9
Pos=49360.1,306.107,125226
Orient=0,-0.522687,0,0.852525
Scale=1,1,1
Layer=151007367

[ENTRY]
ID=151054267
Asset=Effects#Par-Waves-1-Emitter
Name=9
Pos=49060.6,98.6753,124518
Orient=0,0.90158,0,-0.432613
Scale=3,3,3
Flags=1

