[ENTRY]
ID=151013983
Asset=Manipulator-SpawnPoint
Name=9
Pos=48887.9,231.736,154359
Orient=0,0,0,1
Scale=1,1,1
Flags=1
Layer=150997993

[ENTRY]
ID=151013984
Asset=Manipulator-SpawnPoint
Name=9
Pos=49293,229.75,154170
Orient=0,0,0,1
Scale=1,1,1
Flags=1
Layer=150997994

[ENTRY]
ID=151019767
Asset=Prop-Dead-Forest-Tree4
Name=9
Pos=49242.2,196.192,154369
Orient=0,-0.644218,0,0.764842
Scale=1.3,1.3,1.3
Flags=1

