[ENTRY]
ID=151048805
Asset=Prop-Hill_Tree5
Name=9
Pos=48846.2,128.731,138925
Orient=0,0.807558,0,0.589788
Scale=0.95,0.95,0.95

