[ENTRY]
ID=151058935
Asset=CL-RottedPine2
Name=9
Pos=48862.3,653.455,76021.8
Orient=0,0.632673,0,0.774419
Scale=3.575,3.575,3.575

