[ENTRY]
ID=151054720
Asset=Par-Waves-1-Emitter
Name=9
Pos=49208.7,60.2394,40621
Orient=0,0.749027,0,-0.662539
Scale=1.5,1.5,1.5
Flags=1

[ENTRY]
ID=151054721
Asset=Par-Waves-1-Emitter
Name=9
Pos=49419.7,60.4134,41213
Orient=0,0.749027,0,-0.662539
Scale=1.5,1.5,1.5
Flags=1

