[ENTRY]
ID=151058849
Asset=CL-Camp3
Name=9
Pos=49425.5,306.458,73062.1
Orient=0,0.810497,0,0.585743
Scale=1,1,1

[ENTRY]
ID=151058850
Asset=Light-Small?COLOR=FF9900
Name=9
Pos=49448.2,329.118,73067.3
Orient=0,0,0,1
Scale=1,1,1

[ENTRY]
ID=151058851
Asset=Effects#Par-Chimney_Smoke-Emitter
Name=9
Pos=49447.7,316.406,73067.8
Orient=0,0,0,1
Scale=1,1,1

