[ENTRY]
ID=151048768
Asset=Prop-Hill_Tree5
Name=9
Pos=48834.3,371.635,138656
Orient=0,-0.761096,0,0.64864
Scale=1.525,1.525,1.525

[ENTRY]
ID=151053956
Asset=Effects#Par-Waves-1-Emitter
Name=9
Pos=48960.8,65.4754,138038
Orient=0.0299956,0,0,0.99955
Scale=1.5,1.5,1.5
Flags=1

[ENTRY]
ID=151053957
Asset=Par-Waves-1-Emitter
Name=9
Pos=49293.6,65.0442,138087
Orient=0.0270744,-0.430264,-0.0129118,0.902205
Scale=1.5,1.5,1.5
Flags=1

