[ENTRY]
ID=151041274
Asset=Forest?d=0.9&amp;s=811212&amp;sz=800
Name=9
Pos=49210.2,320.697,52106
Orient=0,-0.805544,0,-0.592537
Scale=2.175,2.175,2.175
Flags=1

