[ENTRY]
ID=151059810
Asset=Manipulator-SpawnPoint
Name=9
Pos=48861.2,270.348,62004.6
Orient=0,0.8699,0,0.493228
Scale=1,1,1
Layer=151011996

[ENTRY]
ID=151059811
Asset=Manipulator-SpawnPoint
Name=9
Pos=48964,275.162,62006.5
Orient=0,0,0,1
Scale=1,1,1
Layer=151011997

[ENTRY]
ID=151059812
Asset=Manipulator-SpawnPoint
Name=9
Pos=48981.9,252.954,61717.6
Orient=0,-0.989391,0,0.14528
Scale=1,1,1
Layer=151011998

[ENTRY]
ID=151059820
Asset=Manipulator-SpawnPoint
Name=9
Pos=49347.5,192.741,61975.9
Orient=0,0,0,1
Scale=1,1,1
Layer=151012005

