[ENTRY]
ID=151024228
Asset=Manipulator-SpawnPoint
Name=9
Pos=49096.6,218.965,70035
Orient=0,0,0,1
Scale=1,1,1
Layer=151000346

[ENTRY]
ID=151026363
Asset=CL-Dead-Rotted_Forest5
Name=9
Pos=49134.8,178.472,70250
Orient=0,-0.996024,0,-0.0890854
Scale=2.025,2.025,2.025
Flags=1

