[ENTRY]
ID=151026540
Asset=Prop-Mushroom_Glowpod2
Name=9
Pos=49508.7,266.583,82662.9
Orient=0.221992,-0.0356355,-0.0932568,0.969924
Scale=3,3,3
Flags=1

[ENTRY]
ID=151039718
Asset=Manipulator-SpawnPoint
Name=9
Pos=50047.9,280.818,83152
Orient=0,0,0,1
Scale=1,1,1
Layer=151004594

[ENTRY]
ID=151058980
Asset=Prop-Tree-Cut_Down_Oak1#Prop-Tree-Cut_Down_Oak1
Name=9
Pos=49846.7,250.636,82977.6
Orient=0,-0.827702,0,0.561168
Scale=2.2,2.2,2.2
Flags=1

[ENTRY]
ID=151059965
Asset=CL-Rotted_Thicket1
Name=9
Pos=49542.3,244.828,82806.6
Orient=0,0.693685,0,-0.720278
Scale=1.475,1.475,1.475

[ENTRY]
ID=151059967
Asset=CL-Rotted_Thicket2#CL-Rotted_Thicket2
Name=9
Pos=49812.8,265.306,82985.9
Orient=0,0.560509,0,0.828149
Scale=1.475,1.475,1.475

