[ENTRY]
ID=151013993
Asset=Manipulator-SpawnPoint
Name=9
Pos=49629,310.506,155746
Orient=0,0,0,1
Scale=1,1,1
Flags=1
Layer=150998002

[ENTRY]
ID=151019764
Asset=Prop-Dead-Forest-Tree5
Name=9
Pos=49848.7,254.213,155320
Orient=0,0,0,1
Scale=1,1,1
Flags=1

[ENTRY]
ID=151019765
Asset=Prop-Dead-Forest-Tree4
Name=9
Pos=49699.6,216.452,155318
Orient=0,0,0,1
Scale=1,1,1
Flags=1

[ENTRY]
ID=151019836
Asset=Prop-Boulder5
Name=9
Pos=49753.5,236.25,155345
Orient=0,-0.704411,0,-0.709792
Scale=2.525,2.525,2.525
Flags=1

