[ENTRY]
ID=151012374
Asset=Sick-Rotted_Forest?d=0.9&amp;s=81817&amp;sz=800
Name=9
Pos=49521.1,250.562,80107
Orient=0,-0.242556,0,0.970137
Scale=1.2,1.2,1.2
Flags=1

[ENTRY]
ID=151029000
Asset=CL-Sick-Rotted_Forest2#CL-Sick-Rotted_Forest2
Name=9
Pos=50136.1,321.935,79976
Orient=0,0.581035,0,0.813878
Scale=1,1,1

[ENTRY]
ID=151039672
Asset=Manipulator#Manipulator-PathNode
Name=9
Pos=49855,295.682,79575
Orient=0,0,0,1
Scale=0.95,0.95,0.95

[ENTRY]
ID=151039676
Asset=Manipulator-SpawnPoint
Name=9
Pos=49555,229.725,79930
Orient=0,0,0,1
Scale=1,1,1
Layer=151004559

