[ENTRY]
ID=151045788
Asset=Manipulator-SpawnPoint
Name=9
Pos=50206.3,394.595,135887
Orient=0,0,0,1
Scale=1,1,1
Layer=151006096

[ENTRY]
ID=151045789
Asset=Manipulator-SpawnPoint
Name=9
Pos=49693.3,418.042,136098
Orient=0,0,0,1
Scale=1,1,1
Layer=151006097

[ENTRY]
ID=151045790
Asset=Manipulator#Manipulator-PathNode
Name=9
Pos=49857.4,416.059,135844
Orient=0,0,0,1
Scale=1,1,1

[ENTRY]
ID=151045791
Asset=Manipulator-SpawnPoint
Name=9
Pos=49895.8,405.628,135805
Orient=0,0.767543,0,0.640997
Scale=1,1,1
Layer=151006098

