[ENTRY]
ID=151001825
Asset=Bldg-Urban-Small_Facade3?ATS=ATS-Camelot
Name=9
Pos=49990.9,217.876,54650
Orient=0,-0.977865,0,0.209238
Scale=1,1,1

[ENTRY]
ID=151054076
Asset=Manipulator-SpawnPoint
Name=9
Pos=49682.4,328.344,54191
Orient=0,0,0,1
Scale=1,1,1
Layer=151010163

[ENTRY]
ID=151054079
Asset=Manipulator-SpawnPoint
Name=9
Pos=49848.7,335.848,54508
Orient=0,-0.991897,0,-0.127045
Scale=1,1,1
Layer=151010166

