[ENTRY]
ID=151013985
Asset=Manipulator-SpawnPoint
Name=9
Pos=49829.9,229.409,154587
Orient=0,0,0,1
Scale=1,1,1
Flags=1
Layer=150997995

[ENTRY]
ID=151013986
Asset=Manipulator-SpawnPoint
Name=9
Pos=49786.6,233.699,155077
Orient=0,0,0,1
Scale=1,1,1
Flags=1
Layer=150997996

[ENTRY]
ID=151019746
Asset=Prop-NewVespin_Hive1
Name=9
Pos=49538.7,258.365,154745
Orient=-0.00811902,0.697059,0.0236421,-0.716578
Scale=1.75,1.75,1.75
Flags=1

