[ENTRY]
ID=151013980
Asset=Manipulator-SpawnPoint
Name=9
Pos=49776,319.135,157105
Orient=0,0,0,1
Scale=1,1,1
Flags=1
Layer=150997990

[ENTRY]
ID=151019397
Asset=Manipulator-SpawnPoint
Name=9
Pos=50244.5,212.817,157129
Orient=0,0,0,1
Scale=1,1,1
Layer=150999178

[ENTRY]
ID=151019793
Asset=Prop-Dead-Forest-Tree1
Name=9
Pos=49579.4,292.115,156836
Orient=0,-0.361615,0,0.932328
Scale=1.325,1.325,1.325
Flags=1

