[ENTRY]
ID=151039680
Asset=Manipulator-SpawnPoint
Name=9
Pos=49954.5,235.496,80327.6
Orient=0,0,0,1
Scale=1,1,1
Layer=151004563

[ENTRY]
ID=151059004
Asset=CL-Sick-Rotted_Forest3
Name=9
Pos=49520,290,80445
Orient=0,0.644218,0,0.764842
Scale=2.025,2.025,2.025
Flags=1

[ENTRY]
ID=151059069
Asset=Sick-Rotted_Forest?d=0.9&amp;s=871817&amp;sz=800
Name=9
Pos=50225.1,264.726,80957.1
Orient=0,0.509841,0,0.860269
Scale=1.3,1.3,1.3
Flags=1

