[ENTRY]
ID=151047875
Asset=Manipulator#Manipulator-PathNode
Name=9
Pos=50747.5,79.4537,124338
Orient=0,0,0,1
Scale=0.925,0.925,0.925

[ENTRY]
ID=151047876
Asset=Manipulator-SpawnPoint
Name=9
Pos=50790.5,77.2946,124335
Orient=0,0.0948572,0,0.995491
Scale=1,1,1
Layer=151007318

[ENTRY]
ID=151047877
Asset=Manipulator#Manipulator-PathNode
Name=9
Pos=50957.1,73.5195,124222
Orient=0,0,0,1
Scale=1,1,1

[ENTRY]
ID=151054273
Asset=Par-Waves-1-Emitter
Name=9
Pos=50803.2,60.83,123970
Orient=0,0.913414,0,-0.407033
Scale=2,2,2
Flags=1

