[ENTRY]
ID=151052526
Asset=Manipulator-SpawnPoint
Name=9
Pos=50575.2,425.333,46865
Orient=0,0,0,1
Scale=1,1,1
Layer=151009540

[ENTRY]
ID=151052527
Asset=Manipulator-SpawnPoint
Name=9
Pos=50757.6,363.381,46822
Orient=0,0,0,1
Scale=1,1,1
Layer=151009540

[ENTRY]
ID=151059247
Asset=Prop-Banner-StoneLion1#Prop-Banner-StoneLion1
Name=9
Pos=50852.6,623.423,47141.6
Orient=0.0326248,0.361393,-0.0126539,0.931757
Scale=2.275,2.275,2.275
Flags=1

