[ENTRY]
ID=151012431
Asset=Sick-Rotted_Forest?d=0.9&amp;s=81817&amp;sz=800
Name=9
Pos=50892.9,247.179,82552
Orient=0,-0.962642,0,-0.270779
Scale=0.95,0.95,0.95
Flags=1

[ENTRY]
ID=151027916
Asset=CL-Rotted_Thicket1#CL-Rotted_Thicket1
Name=9
Pos=50954.5,450.228,82558
Orient=0,-0.884303,0,0.466913
Scale=1.9,1.9,1.9
Flags=1

