[ENTRY]
ID=151059487
Asset=Prop-Forest_Tree3
Name=9
Pos=50745.4,196.452,64873.4
Orient=0,0.930215,0,0.367014
Scale=2.625,2.625,2.625

