[ENTRY]
ID=150995957
Asset=Prop-Hill_Tree#Prop-Hill_Tree3
Name=9
Pos=50728.9,459.769,133344
Orient=0,-0.389418,0,0.921061
Scale=1,1,1
Flags=1

[ENTRY]
ID=151045756
Asset=Manipulator-SpawnPoint
Name=9
Pos=50647.1,447.495,133403
Orient=0,0,0,1
Scale=1,1,1
Layer=151006081

[ENTRY]
ID=151045757
Asset=Manipulator-SpawnPoint
Name=9
Pos=50691.7,473.569,133252
Orient=0,0,0,1
Scale=1,1,1
Layer=151006081

[ENTRY]
ID=151045758
Asset=Manipulator-SpawnPoint
Name=9
Pos=50798.7,458.631,133404
Orient=0,0,0,1
Scale=1,1,1
Layer=151006081

