[ENTRY]
ID=151059489
Asset=Forest?d=0.9&amp;s=123663&amp;sz=900
Name=9
Pos=50761.9,268.755,63120
Orient=0,-0.810497,0,0.585742
Scale=1.3,1.3,1.3

