[ENTRY]
ID=151058737
Asset=Prop-GiantFlowersTulip#Prop-GiantFlowers8
Name=9
Pos=51246.7,304.456,40441.3
Orient=0,0,0,1
Scale=1.925,1.925,1.925

[ENTRY]
ID=151058738
Asset=Prop-GiantFlowersLeaf#Prop-GiantFlowers1
Name=9
Pos=51393.2,307.049,40446.9
Orient=0,-0.984588,0,0.174892
Scale=1,1,1

[ENTRY]
ID=151058739
Asset=Prop-GiantFlowersLotus#Prop-GiantFlowers4
Name=9
Pos=51685.8,179.527,40205.9
Orient=0,-0.980893,0,0.194548
Scale=1.775,1.775,1.775

