[ENTRY]
ID=151058786
Asset=Prop-GiantFlowersLeaf#Prop-GiantFlowers1
Name=9
Pos=51708.9,232.589,41597.3
Orient=0,0.939099,0,0.343646
Scale=1,1,1

[ENTRY]
ID=151058787
Asset=Prop-GiantFlowersLilly#Prop-GiantFlowers9
Name=9
Pos=51259.2,291.481,41340.9
Orient=0,0,0,1
Scale=2.825,2.825,2.825

[ENTRY]
ID=151058788
Asset=Prop-GiantFlowers9
Name=9
Pos=51287.8,295.562,41378
Orient=0,-0.679142,0,-0.734007
Scale=1.8,1.8,1.8

