[ENTRY]
ID=151001224
Asset=CL-Plains_Bush2#CL-Plains_Bush2
Name=9
Pos=51430,250.021,162798
Orient=0,0.685289,0,0.728272
Scale=1,1,1
Flags=1

[ENTRY]
ID=151001229
Asset=CL-Hills_Tree3#CL-Hills_Tree3
Name=9
Pos=51095,185,162985
Orient=0,0,0,1
Scale=1,1,1
Flags=1

[ENTRY]
ID=151021611
Asset=Manipulator-SpawnPoint
Name=9
Pos=51556,206.686,163216
Orient=0,0,0,1
Scale=1,1,1
Layer=150999580

