[ENTRY]
ID=151058924
Asset=CL-Sick-Rotted_Forest1#CL-Sick-Rotted_Forest1
Name=9
Pos=51379.1,267,75035.4
Orient=0,0,0,1
Scale=1,1,1
Flags=1

[ENTRY]
ID=151059369
Asset=CL-Fence_Rotted
Name=9
Pos=51429.4,285.346,75161.6
Orient=-0.0513483,-0.775179,0.128106,0.616482
Scale=1.5,1.5,1.5
Flags=1

[ENTRY]
ID=151059370
Asset=CL-Fence_Rotted
Name=9
Pos=51492.3,280.684,75168.4
Orient=-0.132807,-0.752733,0.0462971,0.643127
Scale=1.5,1.5,1.5
Flags=1

