[ENTRY]
ID=151012738
Asset=CL-Sick-Forest3#CL-Sick-Forest3
Name=9
Pos=51111.3,338.434,76860
Orient=0.17903,0,0,0.983844
Scale=1,1,1
Flags=1

[ENTRY]
ID=151012743
Asset=CL-Mushroom_Rotted2#CL-Mushroom_Rotted2
Name=9
Pos=51348.5,250.684,77026
Orient=0,-0.0848977,0,0.99639
Scale=2.325,2.325,2.325
Flags=1

[ENTRY]
ID=151024469
Asset=Manipulator-SpawnPoint
Name=9
Pos=51370.4,313.57,76964
Orient=0,0,0,1
Scale=1,1,1
Layer=151000443

