[ENTRY]
ID=151045771
Asset=Manipulator-SpawnPoint
Name=9
Pos=51595.1,504.583,135846
Orient=0,0,0,1
Scale=1,1,1
Layer=151006086

[ENTRY]
ID=151045863
Asset=Manipulator-SpawnPoint
Name=9
Pos=51717.9,483.637,135843
Orient=0,-0.99879,0,-0.0491838
Scale=1,1,1
Layer=151006133

[ENTRY]
ID=151046167
Asset=Manipulator-SpawnPoint
Name=9
Pos=51199.3,298.189,136417
Orient=0,0,0,1
Scale=1,1,1
Layer=151006223

