[ENTRY]
ID=151054682
Asset=Effects#Par-Waves-1-Emitter
Name=9
Pos=51035.4,68.9232,38586
Orient=0,-0.914795,0,0.403918
Scale=1,1,1
Flags=1

