[ENTRY]
ID=151054760
Asset=Par-Waves-1-Emitter
Name=9
Pos=51150.3,64.691,153886
Orient=0,0.976417,0,0.215895
Scale=3,3,3

