[ENTRY]
ID=151024472
Asset=Manipulator-SpawnPoint
Name=9
Pos=51007.2,268.626,78008
Orient=0,0,0,1
Scale=1,1,1
Layer=151000445

[ENTRY]
ID=151024477
Asset=Manipulator-SpawnPoint
Name=9
Pos=51433,252.323,78162
Orient=0,0,0,1
Scale=1,1,1
Layer=151000449

[ENTRY]
ID=151025941
Asset=Manipulator-SpawnPoint
Name=9
Pos=51155,219.203,78550
Orient=0,0,0,1
Scale=1,1,1
Layer=151000874

[ENTRY]
ID=151027752
Asset=CL-Dead-Rotted_Forest4#CL-Dead-Rotted_Forest4
Name=9
Pos=51405.9,240.313,78635
Orient=0,-0.0599638,0,0.998201
Scale=1.325,1.325,1.325
Flags=1

