[ENTRY]
ID=151029723
Asset=Forest?d=0.7&amp;s=871899&amp;sz=1200
Name=9
Pos=52411.4,200.375,143266
Orient=0,-0.997606,0,-0.0691479
Scale=0.95,0.95,0.95
Flags=1

