[ENTRY]
ID=151058743
Asset=Prop-GiantFlowersRedBud#Prop-GiantFlowers6
Name=9
Pos=51865.3,181.326,41334.2
Orient=0,0,0,1
Scale=2,2,2

[ENTRY]
ID=151058744
Asset=Prop-GiantFlowersRedBud#Prop-GiantFlowers2
Name=9
Pos=51818.3,214.224,41450.4
Orient=0,-0.864924,0,0.501902
Scale=1,1,1

[ENTRY]
ID=151058745
Asset=Prop-GiantFlowersLilly#Prop-GiantFlowers9
Name=9
Pos=51854.3,131.239,41568.6
Orient=0,0,-0.0799147,0.996802
Scale=2.825,2.825,2.825

