[ENTRY]
ID=151012537
Asset=Sick_Forest?d=0.9&amp;s=81817&amp;sz=800
Name=9
Pos=51982.3,-85.7077,76170.8
Orient=0,0.29552,0,0.955337
Scale=1.6,1.6,1.6
Flags=1

[ENTRY]
ID=151024485
Asset=Manipulator-SpawnPoint
Name=9
Pos=52425.3,189.482,76408
Orient=0,0,0,1
Scale=1,1,1
Layer=151000455

