[ENTRY]
ID=151054761
Asset=Par-Waves-1-Emitter
Name=9
Pos=51806.1,64.691,154267
Orient=0,0.976417,0,0.215895
Scale=3,3,3

