[ENTRY]
ID=151015016
Asset=Prop-Dungeon_Chain#Prop-Dungeon_Chain1
Name=9
Pos=51818.2,690.525,83467
Orient=-0.073498,-0.978136,0.0145774,0.194001
Scale=3.55,3.55,3.55
Flags=1

[ENTRY]
ID=151028131
Asset=Par-Black_Smoke-Emitter
Name=9
Pos=52175.9,606.759,83550
Orient=0,0,0,1
Scale=1.5,1.5,1.5
Flags=1

