[ENTRY]
ID=151047891
Asset=Manipulator-SpawnPoint
Name=9
Pos=52414.1,140.751,125295
Orient=0,0,0,1
Scale=1,1,1
Layer=151007326

[ENTRY]
ID=151047892
Asset=Manipulator-SpawnPoint
Name=9
Pos=52019.2,249.912,125433
Orient=0,-0.727726,0,0.685868
Scale=1,1,1
Layer=151007327

[ENTRY]
ID=151047893
Asset=Manipulator#Manipulator-PathNode
Name=9
Pos=51968.5,250.111,125860
Orient=0,0,0,1
Scale=1,1,1

[ENTRY]
ID=151054312
Asset=Effects#Par-Waves-1-Emitter
Name=9
Pos=52457.6,62.7623,125726
Orient=0,0.548024,0,0.836462
Scale=1.7,1.7,1.7
Flags=1

