[ENTRY]
ID=151019377
Asset=Manipulator-SpawnPoint
Name=9
Pos=52186.5,280.354,156813
Orient=0,0,0,1
Scale=1,1,1
Layer=150999126

[ENTRY]
ID=151019380
Asset=Manipulator-SpawnPoint
Name=9
Pos=52087,240.665,157006
Orient=0,0,0,1
Scale=1,1,1
Layer=150999129

[ENTRY]
ID=151058207
Asset=Prop-Forest_Tree3
Name=9
Pos=51989.2,337.335,157369
Orient=0,0.576959,0,0.816773
Scale=0.75,0.75,0.75

