[ENTRY]
ID=150996085
Asset=CL-Hills_Bush6#CL-Hills_Bush6
Name=9
Pos=52109.8,307.756,141253
Orient=0,0,0,1
Scale=1,1,1
Flags=1

[ENTRY]
ID=150996092
Asset=CL-Hills_Bush2#CL-Hills_Bush2
Name=9
Pos=51750.1,314.267,141084
Orient=0,0,0,1
Scale=1,1,1

[ENTRY]
ID=151045326
Asset=Manipulator-SpawnPoint
Name=9
Pos=51768.4,296.886,141262
Orient=0,0,0,1
Scale=1,1,1
Layer=151005924

[ENTRY]
ID=151045328
Asset=Manipulator-SpawnPoint
Name=9
Pos=52189.4,348.476,141116
Orient=0,0,0,1
Scale=1,1,1
Layer=151005925

[ENTRY]
ID=151058069
Asset=Prop-Stump3
Name=9
Pos=51851.9,277.117,141436
Orient=0,-0.706825,0,0.707389
Scale=1.375,1.375,1.375

