[ENTRY]
ID=151054294
Asset=Effects#Par-Waves-1-Emitter
Name=9
Pos=52806.3,64.9826,124745
Orient=0,0.888928,0,0.458047
Scale=1.5,1.5,1.5
Flags=1

[ENTRY]
ID=151054295
Asset=Par-Waves-1-Emitter
Name=9
Pos=52952.9,64.9826,125092
Orient=0,0.967462,0,0.253016
Scale=1.5,1.5,1.5
Flags=1

