[ENTRY]
ID=151024758
Asset=Manipulator-SpawnPoint
Name=9
Pos=52743.3,200.586,73419
Orient=0,0,0,1
Scale=1,1,1
Layer=151000541

[ENTRY]
ID=151024762
Asset=Manipulator-SpawnPoint
Name=9
Pos=52647.3,239.908,73148
Orient=0,0,0,1
Scale=1,1,1
Layer=151000545

[ENTRY]
ID=151059184
Asset=CL-Rotted_Flora2#CL-Rotted_Flora2
Name=9
Pos=52528.3,240.736,73468.4
Orient=0,-0.727726,0,0.685868
Scale=2.425,2.425,2.425
Flags=1

