[ENTRY]
ID=151047890
Asset=Manipulator-SpawnPoint
Name=9
Pos=52629.9,148.177,125315
Orient=0,0,0,1
Scale=1,1,1
Layer=151007325

[ENTRY]
ID=151054317
Asset=Par-Waves-1-Emitter
Name=9
Pos=53057.1,62.7623,125572
Orient=0,0.543835,0,0.839192
Scale=1,1,1

[ENTRY]
ID=151054377
Asset=Par-Waves-1-Emitter
Name=9
Pos=53057.1,62.7623,125968
Orient=0,0.945784,0,0.324796
Scale=1,1,1

