[ENTRY]
ID=151044510
Asset=Manipulator-SpawnPoint
Name=9
Pos=52608.3,152.841,144027
Orient=0,-0.0848977,0,0.99639
Scale=1,1,1
Layer=151005524

[ENTRY]
ID=151053958
Asset=Effects#Par-Waves-1-Emitter
Name=9
Pos=52673.3,58.2727,144527
Orient=0.109778,0,0,0.993956
Scale=1.5,1.5,1.5
Flags=1

[ENTRY]
ID=151053960
Asset=Par-Waves-1-Emitter
Name=9
Pos=52609.4,58.2727,144592
Orient=0.109173,-0.104174,-0.0115055,0.988482
Scale=1.5,1.5,1.5
Flags=1

