[ENTRY]
ID=151001219
Asset=Forest?d=0.9&amp;s=871567&amp;sz=800
Name=9
Pos=52993.5,278.751,164485
Orient=0,-0.572867,0,0.819648
Scale=1,1,1
Flags=1

[ENTRY]
ID=151021596
Asset=Manipulator-SpawnPoint
Name=9
Pos=52822.9,268.856,164506
Orient=0,0,0,1
Scale=1,1,1
Layer=150999566

