[ENTRY]
ID=151058719
Asset=Prop-GiantFlowers3
Name=9
Pos=52734.1,244.917,38832.6
Orient=0,0.257081,0,0.96639
Scale=1.725,1.725,1.725

[ENTRY]
ID=151058720
Asset=Prop-GiantFlowers6
Name=9
Pos=52779.9,242.243,38916.3
Orient=0,0,0,1
Scale=1.875,1.875,1.875

[ENTRY]
ID=151058721
Asset=Prop-GiantFlowers2
Name=9
Pos=52826.4,233.665,38950
Orient=0,0,0,1
Scale=1.475,1.475,1.475

