[ENTRY]
ID=150998869
Asset=Prop-Lamp_Post1#Prop-Lamp_Post1
Name=9
Pos=53047.9,305.454,127148
Orient=0,-0.670587,0,0.741831
Scale=1.5,1.5,1.5
Flags=1

[ENTRY]
ID=151047871
Asset=Manipulator-SpawnPoint
Name=9
Pos=52608.1,408.758,127090
Orient=0,-0.914795,0,0.403919
Scale=1,1,1
Layer=151007315

[ENTRY]
ID=151047872
Asset=Manipulator#Manipulator-PathNode
Name=9
Pos=52519.9,382.322,127197
Orient=0,0,0,1
Scale=1,1,1

