[ENTRY]
ID=151059494
Asset=Prop-Cave_Entrance1#Prop-Cave_Entrance1
Name=9
Pos=52628.3,205.868,63406.3
Orient=0,0.0998334,0,0.995004
Scale=3.9,3.9,3.9
Flags=1

[ENTRY]
ID=151059497
Asset=CL-UndeadBoulder2#CL-UndeadBoulder2
Name=9
Pos=52851.2,188.228,63417.6
Orient=0,0,0,1
Scale=1.9,1.9,1.9
Flags=1

[ENTRY]
ID=151059498
Asset=CL-UndeadBoulder6#CL-UndeadBoulder6
Name=9
Pos=52782,200.117,63235.5
Orient=0,0,0,1
Scale=1.625,1.625,1.625
Flags=1

[ENTRY]
ID=151059499
Asset=Prop-Instance_Entrance#Prop-Instance_Entrance
Name=9
Pos=52629.8,255.418,63368.8
Orient=0,-0.663135,0,0.7485
Scale=2,2,2

