[ENTRY]
ID=151059253
Asset=Prop-Banner-StoneLion1
Name=9
Pos=52614.3,439.057,46187.4
Orient=-0.0161019,0.35966,0.0275989,0.932536
Scale=1,1,1
Flags=1

[ENTRY]
ID=151059254
Asset=Prop-Banner_Post2
Name=9
Pos=52604.7,367.651,46196.2
Orient=0,0.356949,0,0.934124
Scale=1,1,1
Flags=1

