[ENTRY]
ID=151001247
Asset=Hill_Trees?d=0.9&amp;s=871327&amp;sz=800
Name=9
Pos=53302.2,238.326,156347
Orient=0,0,0,1
Scale=1,1,1
Flags=1

[ENTRY]
ID=151020797
Asset=Prop-Boulder#Prop-Boulder8
Name=9
Pos=53849.8,149.105,156373
Orient=0,0.774922,0,-0.632057
Scale=1.275,1.275,1.275
Flags=1

