[ENTRY]
ID=151039777
Asset=Manipulator-SpawnPoint
Name=9
Pos=53866.9,194.717,166457
Orient=0,0.827702,0,0.561168
Scale=1.025,1.025,1.025
Layer=151004637

[ENTRY]
ID=151039778
Asset=Manipulator#Manipulator-PathNode
Name=9
Pos=53826.4,194.279,166326
Orient=0,0,0,1
Scale=1.025,1.025,1.025

[ENTRY]
ID=151039779
Asset=Manipulator-PathNode
Name=9
Pos=53651.2,199.082,166395
Orient=0,0,0,1
Scale=1.025,1.025,1.025

