[ENTRY]
ID=151058800
Asset=Prop-GiantFlowersRedBud#Prop-GiantFlowers3
Name=9
Pos=53359.6,266.772,40058.3
Orient=0,0.124675,0,0.992198
Scale=1.6,1.6,1.6

[ENTRY]
ID=151059517
Asset=Prop-Instance_Entrance
Name=9
Pos=53824.4,79.0621,40131.1
Orient=0,-0.276355,0,0.961056
Scale=1.4,1.4,1.4

[ENTRY]
ID=151059518
Asset=Light-Medium?COLOR=33FFFF
Name=9
Pos=53820.5,69.842,40134.9
Orient=0,0,0,1
Scale=1,1,1

