[ENTRY]
ID=151047898
Asset=Manipulator-SpawnPoint
Name=9
Pos=53868.5,176.841,126470
Orient=0,0,0,1
Scale=1,1,1
Layer=151007332

[ENTRY]
ID=151047899
Asset=Manipulator-SpawnPoint
Name=9
Pos=53441.7,215.886,126509
Orient=0,0,0,1
Scale=1,1,1
Layer=151007333

[ENTRY]
ID=151054318
Asset=Par-Waves-1-Emitter
Name=9
Pos=53701.8,62.7623,126042
Orient=0,0.984588,0,0.174892
Scale=1,1,1
Flags=1

