[ENTRY]
ID=151054326
Asset=CL-Hills_Tree4
Name=9
Pos=53963.6,193.324,37531.5
Orient=0,0.472031,0,-0.881582
Scale=2.275,2.275,2.275

