[ENTRY]
ID=151020439
Asset=Prop-Fence-Stone_Post
Name=9
Pos=53274.7,284.586,161930
Orient=0.147127,-0.568417,0.0136121,0.809364
Scale=2.55,2.55,2.55
Flags=1

[ENTRY]
ID=151020445
Asset=Prop-Fence-Stone1
Name=9
Pos=53256.3,266.178,161787
Orient=-0.00754395,-0.621728,0.111836,0.775171
Scale=1.9,1.9,1.9
Flags=1

[ENTRY]
ID=151020446
Asset=Prop-Fence-Stone2
Name=9
Pos=53271.4,283.422,161864
Orient=0.026168,0.717942,-0.0877461,-0.690055
Scale=1.725,1.725,1.725
Flags=1

