[ENTRY]
ID=151030026
Asset=Prop-Palm-Tree#Prop-Palm-Tree2
Name=9
Pos=53623.2,149.284,181575
Orient=0,0.00499998,0,0.999987
Scale=5.25,5.25,5.25
Flags=1

[ENTRY]
ID=151030165
Asset=CL-AridBush2#CL-AridBush2
Name=9
Pos=53636.6,153.894,181615
Orient=0,-0.281157,0,0.959662
Scale=1,1,1
Flags=1

[ENTRY]
ID=151032177
Asset=Manipulator-SpawnPoint
Name=9
Pos=53537.5,202.597,182050
Orient=0,0,0,1
Scale=1,1,1
Layer=151002680

