[ENTRY]
ID=151044414
Asset=Manipulator-SpawnPoint
Name=9
Pos=53997.1,225.434,142863
Orient=0,0,0,1
Scale=1,1,1
Layer=151005505

[ENTRY]
ID=151044433
Asset=Manipulator-SpawnPoint
Name=9
Pos=53692.4,288.532,143180
Orient=0,0.841471,0,0.540302
Scale=1,1,1
Layer=151005512

[ENTRY]
ID=151044503
Asset=Manipulator-SpawnPoint
Name=9
Pos=53601.9,217.797,142918
Orient=0,0,0,1
Scale=1,1,1
Layer=151005518

[ENTRY]
ID=151044504
Asset=Manipulator-SpawnPoint
Name=9
Pos=53297.9,273.072,143140
Orient=0,0,0,1
Scale=1,1,1
Layer=151005519

