[ENTRY]
ID=151001222
Asset=Hill_Trees?d=0.9&amp;s=871817&amp;sz=800
Name=9
Pos=53827.4,307.766,163328
Orient=0,-0.570071,0,-0.821595
Scale=1,1,1
Flags=1

[ENTRY]
ID=151021589
Asset=Manipulator-SpawnPoint
Name=9
Pos=53719.5,225.978,163106
Orient=0,0,0,1
Scale=1,1,1
Layer=150999561

