[ENTRY]
ID=151054796
Asset=Par-Waves-1-Emitter
Name=9
Pos=53377.5,64.691,149951
Orient=0,0.998628,0,-0.0523687
Scale=3,3,3
Flags=1

