[ENTRY]
ID=151055829
Asset=Prop-Hadrian_Wall1
Name=9
Pos=53813.1,161.311,117838
Orient=0,0.126252,0,-0.991998
Scale=1,1,1
Flags=1

[ENTRY]
ID=151055830
Asset=Prop-Hadrian_Wall1
Name=9
Pos=53597,130.735,118194
Orient=0,0.263443,0,-0.964675
Scale=1,1,1
Flags=1

