[ENTRY]
ID=151047934
Asset=Manipulator-PathNode
Name=9
Pos=54608.1,104.708,124020
Orient=0,0,0,1
Scale=1,1,1

[ENTRY]
ID=151047935
Asset=Manipulator-PathNode
Name=9
Pos=54675.1,164.86,123820
Orient=0,0,0,1
Scale=1,1,1

[ENTRY]
ID=151054392
Asset=Par-Waves-1-Emitter
Name=9
Pos=54219.3,61.6127,124167
Orient=0,-0.670587,0,0.741831
Scale=3,3,3

