[ENTRY]
ID=151054786
Asset=Par-Waves-1-Emitter
Name=9
Pos=54061.2,64.691,152387
Orient=0,0.350781,0,-0.936458
Scale=3,3,3
Flags=1

