[ENTRY]
ID=151000896
Asset=Forest?d=0.9&amp;s=871337&amp;sz=800
Name=9
Pos=54183.2,232.373,164576
Orient=0,-0.242556,0,0.970137
Scale=1,1,1
Flags=1

[ENTRY]
ID=151021576
Asset=Manipulator-SpawnPoint
Name=9
Pos=54397.3,272.745,164409
Orient=0,0,0,1
Scale=1,1,1
Layer=150999548

