[ENTRY]
ID=151035890
Asset=Manipulator-SpawnPoint
Name=9
Pos=54085,365.974,191283
Orient=0,0,0,1
Scale=1,1,1
Layer=151003712

[ENTRY]
ID=151035923
Asset=Manipulator-SpawnPoint
Name=9
Pos=54256.1,358.288,191308
Orient=0,-0.0848977,0,0.99639
Scale=1,1,1
Layer=151003726

[ENTRY]
ID=151035924
Asset=Manipulator#Manipulator-PathNode
Name=9
Pos=54436.6,359.688,191319
Orient=0,0,0,1
Scale=1,1,1

[ENTRY]
ID=151035925
Asset=Manipulator-PathNode
Name=9
Pos=54538,362.991,191260
Orient=0,0,0,1
Scale=1,1,1

