[ENTRY]
ID=151045680
Asset=Manipulator-SpawnPoint
Name=9
Pos=54354.3,0,135577
Orient=0,-0.998952,0,0.0457803
Scale=2.125,2.125,2.125
Layer=151006069

[ENTRY]
ID=151045682
Asset=Manipulator-SpawnPoint
Name=9
Pos=54449.1,0,135214
Orient=0,-0.992904,0,-0.118922
Scale=2.2,2.2,2.2
Layer=151006071

[ENTRY]
ID=151045683
Asset=Manipulator-SpawnPoint
Name=9
Pos=54204.8,6.61455,135075
Orient=0,-0.930216,0,0.367013
Scale=2.225,2.225,2.225
Layer=151006072

