[ENTRY]
ID=151054393
Asset=Par-Waves-1-Emitter
Name=9
Pos=54420.8,61.6127,122996
Orient=0,-0.804599,0,0.593819
Scale=3,3,3

