[ENTRY]
ID=151039812
Asset=Manipulator-PathNode
Name=9
Pos=54112.4,197.894,166411
Orient=0,0,0,1
Scale=1,1,1

[ENTRY]
ID=151039813
Asset=Manipulator-SpawnPoint
Name=9
Pos=54147.3,207.645,166409
Orient=0,-0.685289,0,0.728272
Scale=1,1,1
Layer=151004661

