[ENTRY]
ID=151054784
Asset=Par-Waves-1-Emitter
Name=9
Pos=54466.7,64.691,153365
Orient=0,0.350781,0,-0.936458
Scale=3,3,3
Flags=1

[ENTRY]
ID=151054808
Asset=Par-Waves-1-Emitter
Name=9
Pos=54612.8,64.691,153617
Orient=0,0.350781,0,-0.936458
Scale=3,3,3
Flags=1

