[ENTRY]
ID=151054385
Asset=Effects#Par-Waves-1-Emitter
Name=9
Pos=54726.4,61.5298,125236
Orient=0,-0.744643,0,0.667463
Scale=3,3,3
Flags=1

