[ENTRY]
ID=151058712
Asset=Prop-GiantFlowers3
Name=9
Pos=54357.3,145.952,38364.4
Orient=0,0.257081,0,0.96639
Scale=1.725,1.725,1.725

[ENTRY]
ID=151058715
Asset=Prop-GiantFlowers7
Name=9
Pos=54108.9,72.2652,38268.8
Orient=0,-0.773915,0,0.63329
Scale=2.05,2.05,2.05

[ENTRY]
ID=151058716
Asset=Prop-GiantFlowers7
Name=9
Pos=54094.2,72.6852,38263.7
Orient=0,-0.836899,0,-0.547357
Scale=1.025,1.025,1.025

[ENTRY]
ID=151058717
Asset=Prop-GiantFlowers7
Name=9
Pos=54142,72.1175,38256.4
Orient=0.0729428,-0.0314999,-0.0171404,-0.996691
Scale=1.025,1.025,1.025

