[ENTRY]
ID=151045684
Asset=Manipulator-SpawnPoint
Name=9
Pos=54356,1.07288e-006,134774
Orient=0,-0.987888,0,0.155167
Scale=2.25,2.25,2.25
Layer=151006073

[ENTRY]
ID=151045689
Asset=Manipulator-SpawnPoint
Name=9
Pos=54540.3,3.20439,134449
Orient=0,0.966185,0,0.25785
Scale=2.3,2.3,2.3
Layer=151006074

