[ENTRY]
ID=151054406
Asset=Par-Waves-1-Emitter
Name=9
Pos=54675.8,61.6127,119249
Orient=0,-0.548024,0,0.836463
Scale=3,3,3

