[ENTRY]
ID=151045690
Asset=Manipulator-SpawnPoint
Name=9
Pos=54295,37.4875,134093
Orient=0,-0.998152,0,0.0607589
Scale=1.35,1.35,1.35
Layer=151006075

[ENTRY]
ID=151045691
Asset=Manipulator-SpawnPoint
Name=9
Pos=54208.1,36.6369,133756
Orient=0,-0.980893,0,0.194548
Scale=1.7,1.7,1.7
Layer=151006076

