[ENTRY]
ID=151054801
Asset=Par-Waves-1-Emitter
Name=9
Pos=54105.7,65.3643,150714
Orient=0,0.753381,0,0.657585
Scale=3,3,3
Flags=1

