[ENTRY]
ID=151045679
Asset=Manipulator-SpawnPoint
Name=9
Pos=54231.6,13.217,135788
Orient=0,-0.997495,0,0.0707372
Scale=1.95,1.95,1.95
Layer=151006068

[ENTRY]
ID=151045681
Asset=Manipulator-SpawnPoint
Name=9
Pos=54324,0,136047
Orient=0,-0.98545,0,0.169967
Scale=2.275,2.275,2.275
Layer=151006070

