[ENTRY]
ID=151054643
Asset=Effects#Par-Waves-1-Emitter
Name=9
Pos=55078.4,60.6463,35185
Orient=0,-0.754571,0,0.656219
Scale=1,1,1
Flags=1

