[ENTRY]
ID=151054630
Asset=Effects#Par-Waves-1-Emitter
Name=9
Pos=55040.6,60.4443,33844
Orient=0,-0.959437,0,0.281922
Scale=1,1,1
Flags=1

