[ENTRY]
ID=150996482
Asset=Forest?d=0.9&amp;s=871817&amp;sz=800%0D%0A
Name=9
Pos=55457.6,208.182,118689
Orient=0,-0.976071,0,-0.217452
Scale=1,1,1
Flags=1

