[ENTRY]
ID=151034787
Asset=Manipulator#Manipulator-PathNode
Name=9
Pos=55486.9,143.479,173408
Orient=0,0,0,1
Scale=1,1,1

[ENTRY]
ID=151034788
Asset=Manipulator#Manipulator-PathNode
Name=9
Pos=55481.8,127.97,173523
Orient=0,0,0,1
Scale=1,1,1

[ENTRY]
ID=151054588
Asset=Par-Waves-1-Emitter
Name=9
Pos=55283.3,64.691,173849
Orient=0,0.398814,0,-0.917032
Scale=3,3,3

