[ENTRY]
ID=151054848
Asset=Par-Waves-1-Emitter
Name=9
Pos=54843.8,65.3643,151898
Orient=0,0.989879,0,-0.141911
Scale=3,3,3
Flags=1

[ENTRY]
ID=151054850
Asset=Par-Waves-1-Emitter
Name=9
Pos=55358,65.3643,151554
Orient=0,0.989879,0,-0.141911
Scale=3,3,3
Flags=1

