[ENTRY]
ID=151044356
Asset=Manipulator-SpawnPoint
Name=9
Pos=54948.5,156.62,144286
Orient=0,0,0,1
Scale=1,1,1
Layer=151005480

[ENTRY]
ID=151044357
Asset=Manipulator-SpawnPoint
Name=9
Pos=55212.1,153.975,144305
Orient=0,0,0,1
Scale=1,1,1
Layer=151005481

[ENTRY]
ID=151044360
Asset=Manipulator#Manipulator-PathNode
Name=9
Pos=55115.9,296.536,144024
Orient=0,0,0,1
Scale=1,1,1

[ENTRY]
ID=151044363
Asset=Manipulator-PathNode
Name=9
Pos=55490.3,284.68,144053
Orient=0,0,0,1
Scale=1,1,1

[ENTRY]
ID=151053961
Asset=Effects#Par-Waves-1-Emitter
Name=9
Pos=55156.4,63.6737,144648
Orient=0.0499792,0,0,0.99875
Scale=1.5,1.5,1.5
Flags=1

