[ENTRY]
ID=151048612
Asset=Manipulator-SpawnPoint
Name=9
Pos=54858.2,306.798,131994
Orient=0,0,0,1
Scale=1,1,1
Layer=151007739

[ENTRY]
ID=151048614
Asset=Manipulator-SpawnPoint
Name=9
Pos=54802.6,479.326,131579
Orient=0,-0.990104,0,0.140332
Scale=1,1,1
Layer=151007741

