[ENTRY]
ID=151055824
Asset=Prop-Hadrian_Wall1
Name=9
Pos=55369.6,182.877,117168
Orient=0,0.900792,0,-0.43425
Scale=1,1,1
Flags=1

[ENTRY]
ID=151055825
Asset=Prop-Hadrian_Wall1
Name=9
Pos=54975.9,201.92,117026
Orient=0,0.811427,0,-0.584453
Scale=1,1,1
Flags=1

