[ENTRY]
ID=150998907
Asset=CL-Roadside2
Name=9
Pos=54839.4,274.269,127146
Orient=0,0.999667,0,0.0257935
Scale=1.5,1.5,1.5
Flags=1

[ENTRY]
ID=151048485
Asset=Manipulator-SpawnPoint
Name=9
Pos=55112.4,217.009,127495
Orient=0,0,0,1
Scale=1,1,1
Layer=151007672

