[ENTRY]
ID=151058704
Asset=Prop-GiantFlowers1
Name=9
Pos=55648.5,209.302,35839.4
Orient=0.151904,-0.487853,-0.111861,-0.852298
Scale=0.775,0.775,0.775

