[ENTRY]
ID=151059102
Asset=Prop-Sanctuary_Stone
Name=9
Pos=55679.7,316.312,41555.7
Orient=0,-0.789504,0,0.613746
Scale=1,1,1
Flags=1

[ENTRY]
ID=151059103
Asset=Manipulator-Sanctuary
Name=9
Pos=55678.9,326.303,41555.7
Orient=0,0,0,1
Scale=1,1,1
Flags=1

