[ENTRY]
ID=151054010
Asset=Manipulator-SpawnPoint
Name=9
Pos=55933.5,182.33,50329
Orient=0,0.971841,0,-0.235637
Scale=1,1,1
Layer=151010115

[ENTRY]
ID=151054012
Asset=Manipulator-SpawnPoint
Name=9
Pos=55848,180.806,50338
Orient=0,0,0,1
Scale=1,1,1
Layer=151010116

