[ENTRY]
ID=151044701
Asset=Manipulator-SpawnPoint
Name=9
Pos=56239.9,106.933,144935
Orient=0,-0.960835,0,0.277121
Scale=1,1,1
Layer=151005603

[ENTRY]
ID=151054095
Asset=Effects#Par-Waves-1-Emitter
Name=9
Pos=55865.7,63.2031,144911
Orient=0,0.0948572,0,0.995491
Scale=3,3,3
Flags=1

