[ENTRY]
ID=151011009
Asset=Prop-Forest_Tree3
Name=9
Pos=55574.9,236.18,152006
Orient=0,0.617059,0,0.786917
Scale=1.4,1.4,1.4
Flags=1

[ENTRY]
ID=151054851
Asset=Par-Waves-1-Emitter
Name=9
Pos=55961.1,65.3643,151537
Orient=0,0.504157,0,-0.863612
Scale=3,3,3
Flags=1

