[ENTRY]
ID=150997919
Asset=CL-Rock-Clutter#CL-Rock-Clutter
Name=9
Pos=55923.8,177.215,125576
Orient=0,0.576959,0,0.816773
Scale=1,1,1

[ENTRY]
ID=151047911
Asset=Manipulator-SpawnPoint
Name=9
Pos=55846.2,176.667,125616
Orient=0,0,0,1
Scale=1,1,1
Layer=151007345

[ENTRY]
ID=151047919
Asset=Manipulator-SpawnPoint
Name=9
Pos=56145.8,228.313,125865
Orient=0,0,0,1
Scale=1,1,1
Layer=151007353

