[ENTRY]
ID=150998906
Asset=CL-Roadside1
Name=9
Pos=56151.8,217.135,126540
Orient=0,0.560509,0,0.828149
Scale=1,1,1
Flags=1

[ENTRY]
ID=151047907
Asset=Manipulator-SpawnPoint
Name=9
Pos=55684.1,167.729,126511
Orient=0,0,0,1
Scale=1,1,1
Layer=151007341

[ENTRY]
ID=151047909
Asset=Manipulator-SpawnPoint
Name=9
Pos=55782.6,222.285,126063
Orient=0,0,0,1
Scale=1,1,1
Layer=151007343

