[ENTRY]
ID=151054778
Asset=Par-Waves-1-Emitter
Name=9
Pos=56388.1,64.691,153969
Orient=0,0.983413,0,-0.181382
Scale=3,3,3

