[ENTRY]
ID=151003479
Asset=Swamp_Deep?d=0.9&amp;s=87727&amp;sz=800+
Name=9
Pos=56347.9,91.9959,162279
Orient=0,-0.999023,0,-0.0441894
Scale=1.2,1.2,1.2
Flags=1

[ENTRY]
ID=151022577
Asset=Manipulator-SpawnPoint
Name=9
Pos=56609,97.7798,162234
Orient=0,0,0,1
Scale=1,1,1
Layer=151000008

