[ENTRY]
ID=151007513
Asset=Prop-Bridge_a#Prop-Bridge2
Name=9
Pos=56516.3,201.984,153110
Orient=0,-0.620986,0,0.783822
Scale=1.65,1.65,1.65
Flags=1

[ENTRY]
ID=151023186
Asset=Prop-Bush-Med3
Name=9
Pos=56298.3,197.888,153216
Orient=0,-0.266731,0,0.963771
Scale=3.825,3.825,3.825
Flags=1

