[ENTRY]
ID=151003457
Asset=Swamp_Ruin?d=0.9&amp;s=81887&amp;sz=800+
Name=9
Pos=56890.4,138.944,160274
Orient=0,-0.535415,0,0.844589
Scale=1.225,1.225,1.225

[ENTRY]
ID=151003477
Asset=Swamp_Deep?d=0.9&amp;s=87727&amp;sz=800+
Name=9
Pos=56849.9,117.748,160461
Orient=0,-0.349083,0,-0.937092
Scale=1.175,1.175,1.175

[ENTRY]
ID=151022583
Asset=Manipulator-SpawnPoint
Name=9
Pos=56957.3,128.334,159977
Orient=0,0,0,1
Scale=1,1,1
Layer=151000014

