[ENTRY]
ID=151031542
Asset=Prop-Henge-SarsenStone_Post2
Name=9
Pos=56759.3,213.093,142334
Orient=-0.10272,0.96916,0.0395293,-0.22049
Scale=1.3,1.3,1.3
Flags=1

