[ENTRY]
ID=150996773
Asset=Forest?d=0.9&amp;s=871234&amp;sz=800
Name=9
Pos=56814.6,214.575,114772
Orient=0,-0.193766,0,0.981048
Scale=1.15,1.15,1.15
Flags=1

