[ENTRY]
ID=151047962
Asset=Manipulator-SpawnPoint
Name=9
Pos=56331,173.281,121955
Orient=0,0.777072,0,0.629412
Scale=1,1,1
Layer=151007378

[ENTRY]
ID=151047968
Asset=Manipulator-SpawnPoint
Name=9
Pos=56482.6,200.422,121586
Orient=0,0,0,1
Scale=1,1,1
Layer=151007382

