[ENTRY]
ID=151054684
Asset=Manipulator-SpawnPoint
Name=9
Pos=56449.8,89.1001,34061
Orient=0,0.838759,0,0.544503
Scale=1,1,1
Layer=151010372

[ENTRY]
ID=151058230
Asset=Manipulator-SpawnPoint
Name=9
Pos=56548.8,82.7194,34124
Orient=0,0,0,1
Scale=1,1,1
Layer=151011876

