[ENTRY]
ID=151003478
Asset=Swamp_Deep?d=0.9&amp;s=87727&amp;sz=800+
Name=9
Pos=56324.4,63.2818,160916
Orient=0,0.849481,0,0.52762
Scale=1.2,1.2,1.2

[ENTRY]
ID=151022580
Asset=Manipulator-SpawnPoint
Name=9
Pos=56307.4,119.76,161146
Orient=0,0,0,1
Scale=1,1,1
Layer=151000011

[ENTRY]
ID=151022581
Asset=Manipulator-SpawnPoint
Name=9
Pos=56579.7,95.0136,160505
Orient=0,0,0,1
Scale=1,1,1
Layer=151000012

[ENTRY]
ID=151022582
Asset=Manipulator-SpawnPoint
Name=9
Pos=56833,157.763,160952
Orient=0,0,0,1
Scale=1,1,1
Layer=151000013

