[ENTRY]
ID=151033484
Asset=Manipulator-SpawnPoint
Name=9
Pos=56519.3,193.455,180486
Orient=0,0.227977,0,0.973666
Scale=1,1,1
Layer=151003234

[ENTRY]
ID=151033485
Asset=Manipulator-SpawnPoint
Name=9
Pos=56486.1,199.726,180515
Orient=0,-1,0,0.000795946
Scale=1,1,1
Layer=151003236

[ENTRY]
ID=151033486
Asset=Manipulator#Manipulator-PathNode
Name=9
Pos=56310.4,206.701,180502
Orient=0,0,0,1
Scale=1,1,1

