[ENTRY]
ID=151048478
Asset=Manipulator-SpawnPoint
Name=9
Pos=56961.2,171.796,128292
Orient=0,0,0,1
Scale=1,1,1
Layer=151007665

[ENTRY]
ID=151049585
Asset=Manipulator-SpawnPoint
Name=9
Pos=56580.2,165.777,128252
Orient=0,-0.644218,0,0.764842
Scale=1,1,1
Layer=151008265

