[ENTRY]
ID=151001305
Asset=Forest?d=0.9&amp;s=451234&amp;sz=800
Name=9
Pos=57363.1,228.05,150882
Orient=0,-0.300293,0,0.953847
Scale=1,1,1
Flags=1

[ENTRY]
ID=151021787
Asset=Manipulator-SpawnPoint
Name=9
Pos=57360.4,193.882,151174
Orient=0,0,0,1
Scale=1,1,1
Layer=150999679

