[ENTRY]
ID=151017731
Asset=Swamp_Deep?d=0.9&amp;s=2367&amp;sz=800+
Name=9
Pos=57589.4,151.628,159304
Orient=0,-0.682803,0,-0.730602
Scale=1.175,1.175,1.175

