[ENTRY]
ID=151053964
Asset=Effects#Par-Waves-1-Emitter
Name=9
Pos=58313,67.1401,145316
Orient=0,0.762127,0,-0.647427
Scale=1,1,1
Flags=1

