[ENTRY]
ID=151003455
Asset=Swamp_Deep?d=0.9&amp;s=125467&amp;sz=800+
Name=9
Pos=58215.4,89.8127,159650
Orient=0,-0.988652,0,0.150225
Scale=1.175,1.175,1.175
Flags=1

[ENTRY]
ID=151003459
Asset=Swamp_Deep?d=0.9&amp;s=2367&amp;sz=800+
Name=9
Pos=58448,75.3948,159102
Orient=0,-0.907205,0,-0.420688
Scale=1.175,1.175,1.175
Flags=1

