[ENTRY]
ID=151010902
Asset=Prop-Boulder_Arid#Prop-Boulder_Arid6
Name=9
Pos=57798.5,458.468,172892
Orient=0,0.648034,0,0.761612
Scale=3.675,3.675,3.675
Flags=1

[ENTRY]
ID=151034603
Asset=Manipulator#Manipulator-PathNode
Name=9
Pos=57807.3,256.833,173225
Orient=0,0,0,1
Scale=1,1,1

[ENTRY]
ID=151034620
Asset=Manipulator#Manipulator-PathNode
Name=9
Pos=57807,255.394,173248
Orient=0,0,0,1
Scale=1,1,1

