[ENTRY]
ID=151017732
Asset=Prop-Dead-Forest-Tree#Prop-Dead-Forest-Tree4
Name=9
Pos=57759.4,52.1835,160177
Orient=-0.188859,0,0,0.982004
Scale=1,1,1

[ENTRY]
ID=151017733
Asset=Prop-Dead-Forest-Tree#Prop-Dead-Forest-Tree2
Name=9
Pos=58334.3,34.1547,160329
Orient=-0.275472,-0.0220849,-0.0768024,0.957982
Scale=1.4,1.4,1.4

[ENTRY]
ID=151022590
Asset=Manipulator-SpawnPoint
Name=9
Pos=58055.1,76.5872,159815
Orient=0,0,0,1
Scale=1,1,1
Layer=151000021

