[ENTRY]
ID=151001213
Asset=Forest?d=0.9&amp;s=565567&amp;sz=800
Name=9
Pos=58098.9,249.76,164328
Orient=0,0.717356,0,0.696706
Scale=1,1,1
Flags=1

[ENTRY]
ID=151021569
Asset=Manipulator-SpawnPoint
Name=9
Pos=58423.8,270.277,164546
Orient=0,0,0,1
Scale=1,1,1
Layer=150999541

