[ENTRY]
ID=151027976
Asset=Manipulator-SpawnPoint
Name=9
Pos=58011.6,792.667,61518
Orient=0,0.999991,0,-0.00420359
Scale=1,1,1
Layer=151001182

