[ENTRY]
ID=151003456
Asset=Swamp_Deep?d=0.9&amp;s=88867&amp;sz=800+
Name=9
Pos=58194.6,91.3385,158788
Orient=0,-0.39861,0,0.917121
Scale=1.175,1.175,1.175
Flags=1

[ENTRY]
ID=151005044
Asset=Swamp_Deep?d=0.9&amp;s=125467&amp;sz=800+
Name=9
Pos=57769.5,122.034,158939
Orient=0,-0.907205,0,-0.420688
Scale=1.175,1.175,1.175
Flags=1

[ENTRY]
ID=151022585
Asset=Manipulator-SpawnPoint
Name=9
Pos=58323.9,93.9265,158288
Orient=0,0,0,1
Scale=1,1,1
Layer=151000016

[ENTRY]
ID=151022586
Asset=Manipulator-SpawnPoint
Name=9
Pos=58054.3,100.896,158999
Orient=0,0,0,1
Scale=1,1,1
Layer=151000017

