[ENTRY]
ID=151021797
Asset=Manipulator-SpawnPoint
Name=9
Pos=57958.5,178.821,149672
Orient=0,0,0,1
Scale=1,1,1
Layer=150999688

[ENTRY]
ID=151023144
Asset=Forest?d=0.9&amp;s=867817&amp;sz=800
Name=9
Pos=57938.7,192.471,149475
Orient=0,0.928369,0,0.37166
Scale=1.6,1.6,1.6
Flags=1

[ENTRY]
ID=151025599
Asset=Manipulator-PathNode
Name=9
Pos=58308.8,230.393,149990
Orient=0,0,0,1
Scale=1,1,1

[ENTRY]
ID=151025600
Asset=Manipulator-PathNode
Name=9
Pos=58085.6,256.755,149949
Orient=0,0,0,1
Scale=1,1,1

[ENTRY]
ID=151025601
Asset=Manipulator-PathNode
Name=9
Pos=57890.4,265.33,149946
Orient=0,0,0,1
Scale=1,1,1

