[ENTRY]
ID=151003472
Asset=Swamp_Deep?d=0.9&amp;s=87727&amp;sz=800+
Name=9
Pos=57960.5,100.502,162178
Orient=0,-0.999023,0,-0.0441894
Scale=1.2,1.2,1.2
Flags=1

[ENTRY]
ID=151005990
Asset=CL-Bramble_Thicket1#CL-Bramble_Thicket1
Name=9
Pos=58182.3,84.2222,162309
Orient=0,0,0,1
Scale=1.75,1.75,1.75

[ENTRY]
ID=151005993
Asset=CL-Bramble_Thicket1
Name=9
Pos=58234.1,71.7992,162529
Orient=0,0.731146,0,0.682221
Scale=1.475,1.475,1.475

[ENTRY]
ID=151022601
Asset=Manipulator-SpawnPoint
Name=9
Pos=57985.1,62.4032,162324
Orient=0,0,0,1
Scale=1,1,1
Layer=151000032

[ENTRY]
ID=151022604
Asset=Manipulator-SpawnPoint
Name=9
Pos=58432.7,101.792,162493
Orient=0,0,0,1
Scale=1,1,1
Layer=151000035

