[ENTRY]
ID=150998912
Asset=CL-Roadside2
Name=9
Pos=58315.2,202.866,125626
Orient=0,0,-0.0149994,0.999888
Scale=1.5,1.5,1.5
Flags=1

[ENTRY]
ID=151048046
Asset=Manipulator-SpawnPoint
Name=9
Pos=58295.6,279.015,125268
Orient=0,0,0,1
Scale=1,1,1
Layer=151007433

[ENTRY]
ID=151048050
Asset=Manipulator-SpawnPoint
Name=9
Pos=58041,322.663,125373
Orient=0,0.663135,0,0.7485
Scale=1,1,1
Layer=151007437

