[ENTRY]
ID=151001311
Asset=Forest?d=0.9&amp;s=867817&amp;sz=800
Name=9
Pos=58135.7,212.841,152064
Orient=0,0.13459,0,0.990901
Scale=1.475,1.475,1.475
Flags=1

[ENTRY]
ID=151021823
Asset=Manipulator-SpawnPoint
Name=9
Pos=58311.7,209.106,151697
Orient=0,0,0,1
Scale=1,1,1
Layer=150999700

[ENTRY]
ID=151021827
Asset=Manipulator-SpawnPoint
Name=9
Pos=57993.1,187.066,152140
Orient=0,0,0,1
Scale=1,1,1
Layer=150999704

[ENTRY]
ID=151024042
Asset=Prop-Forest_Tree7
Name=9
Pos=57798.6,177.312,151579
Orient=0,0.00500011,0,0.999987
Scale=1,1,1
Flags=1

