[ENTRY]
ID=151021837
Asset=Manipulator-SpawnPoint
Name=9
Pos=58829.6,279.406,152765
Orient=0,0,0,1
Scale=1,1,1
Layer=150999707

[ENTRY]
ID=151021847
Asset=Manipulator-SpawnPoint
Name=9
Pos=59206.8,248.113,152634
Orient=0,0,0,1
Scale=1,1,1
Layer=150999709

[ENTRY]
ID=151023143
Asset=Forest?d=0.9&amp;s=871817&amp;sz=800
Name=9
Pos=58892.3,289.663,152415
Orient=0,0.926499,0,0.376297
Scale=1,1,1

