[ENTRY]
ID=151043617
Asset=Manipulator-SpawnPoint
Name=9
Pos=59212.7,87.5481,146317
Orient=0,-0.0898785,0,0.995953
Scale=1,1,1
Layer=151005218

[ENTRY]
ID=151054089
Asset=Effects#Par-Waves-1-Emitter
Name=9
Pos=58835.2,62.6905,146482
Orient=0,0.418319,0,-0.9083
Scale=3.7,3.7,3.7
Flags=1

