[ENTRY]
ID=151058357
Asset=Prop-Lily_Pads1
Name=9
Pos=59241.1,708.279,47163
Orient=0,0,0,1
Scale=1.65,1.65,1.65
Flags=1

[ENTRY]
ID=151060046
Asset=Prop-Boulder2
Name=9
Pos=59213.6,643.867,46700
Orient=0,0.564642,0,0.825336
Scale=7.2,7.2,7.2
Flags=1

