[ENTRY]
ID=151003469
Asset=Swamp_Deep?d=0.9&amp;s=878817&amp;sz=800+
Name=9
Pos=58793.5,104.613,162388
Orient=0,-0.935616,0,0.353019
Scale=1.05,1.05,1.05
Flags=1

[ENTRY]
ID=151005981
Asset=CL-Bramble_Thicket1#CL-Bramble_Thicket1
Name=9
Pos=58628.6,97.9335,162419
Orient=0,-0.932039,0,0.362358
Scale=1,1,1

[ENTRY]
ID=151005984
Asset=CL-Bramble_Thicket1
Name=9
Pos=58541.1,96.1027,162540
Orient=0,-0.98545,0,0.169967
Scale=1,1,1

[ENTRY]
ID=151005985
Asset=CL-Bramble_Thicket1
Name=9
Pos=58618.7,96.5098,162546
Orient=0,-0.847678,0,-0.530511
Scale=1,1,1

[ENTRY]
ID=151022603
Asset=Manipulator-SpawnPoint
Name=9
Pos=58905.8,63.1809,162393
Orient=0,0,0,1
Scale=1,1,1
Layer=151000034

