[ENTRY]
ID=151001582
Asset=CL-Camp3#CL-Camp3
Name=9
Pos=58813.6,86.3723,34243
Orient=0,-0.0449848,0,0.998988
Scale=1,1,1
Flags=1

[ENTRY]
ID=151001642
Asset=CL-Camp1#CL-Camp1
Name=9
Pos=58711.9,86.2137,34061
Orient=0,0,0,1
Scale=1,1,1
Flags=1

