[ENTRY]
ID=151021716
Asset=Manipulator-SpawnPoint
Name=9
Pos=58665,201.367,153883
Orient=0,0,0,1
Scale=1,1,1
Layer=150999658

[ENTRY]
ID=151023173
Asset=Prop-Bush-Large2
Name=9
Pos=59074.4,191.154,154011
Orient=0,-0.328769,0,0.94441
Scale=4.05,4.05,4.05
Flags=1

