[ENTRY]
ID=151043605
Asset=Manipulator-SpawnPoint
Name=9
Pos=59046.8,175.024,145572
Orient=0,0.795602,0,0.60582
Scale=1,1,1
Layer=151005216

[ENTRY]
ID=151053965
Asset=Effects#Par-Waves-1-Emitter
Name=9
Pos=58621.2,69.6384,145622
Orient=0,0,0,1
Scale=1.5,1.5,1.5
Flags=1

