[ENTRY]
ID=151034921
Asset=Manipulator-SpawnPoint
Name=9
Pos=59232,226.125,185355
Orient=0,0,0,1
Scale=1,1,1
Layer=151003553

[ENTRY]
ID=151053672
Asset=Bldg-Ruins-Druid3#Bldg-Ruins-Druid3?ATS=ATS-Roman
Name=9
Pos=58694.3,168.05,185925
Orient=0,-0.324043,0,0.946042
Scale=1.875,1.875,1.875
Flags=1

[ENTRY]
ID=151053673
Asset=CL-AridBush1#CL-AridBush1
Name=9
Pos=58518.3,174.76,185891
Orient=0,0,0,1
Scale=2.075,2.075,2.075
Flags=1

