[ENTRY]
ID=151031927
Asset=Manipulator-SpawnPoint
Name=9
Pos=59068.2,246.124,169207
Orient=0,0,0,1
Scale=1,1,1
Layer=151002530

[ENTRY]
ID=151033164
Asset=Manipulator-SpawnPoint
Name=9
Pos=58645,186.303,169090
Orient=0,-0.380188,0,0.924909
Scale=1,1,1
Layer=151003160

[ENTRY]
ID=151033165
Asset=Manipulator#Manipulator-PathNode
Name=9
Pos=58734.3,173.407,168870
Orient=0,0,0,1
Scale=1,1,1

[ENTRY]
ID=151033171
Asset=Manipulator-PathNode
Name=9
Pos=58524.9,167.529,168881
Orient=0,0,0,1
Scale=1,1,1

