[ENTRY]
ID=151016230
Asset=Bldg-City2#Bldg-City2?ATS=ATS-Undead
Name=9
Pos=58962.2,974.762,62860
Orient=0,0.433531,0,-0.901139
Scale=0.9,0.9,0.9
Flags=1

[ENTRY]
ID=151028775
Asset=Manipulator-SpawnPoint
Name=9
Pos=58865.1,944.289,62259
Orient=0,0,0,1
Scale=1,1,1
Layer=151001398

