[ENTRY]
ID=151058358
Asset=Prop-Lily_Pads1
Name=9
Pos=59146.5,708.279,47428
Orient=0,0,0,1
Scale=1.65,1.65,1.65
Flags=1

[ENTRY]
ID=151058433
Asset=CL-Swamp-BullRushes2#CL-Swamp-BullRushes2
Name=9
Pos=59040.8,708.2,47313.3
Orient=0,-0.514136,0,0.857709
Scale=1.825,1.825,1.825
Flags=1

[ENTRY]
ID=151059536
Asset=Prop-Instance_Entrance#Prop-Instance_Entrance
Name=9
Pos=58595.1,1103.33,47899
Orient=0,0.696135,0,0.717911
Scale=3,3,3

