[ENTRY]
ID=151025289
Asset=CL-Hills_RockGiant2#CL-Hills_RockGiant2
Name=9
Pos=59786,609.251,46496
Orient=0,-0.434966,0,0.900447
Scale=1,1,1
Flags=1

