[ENTRY]
ID=151021033
Asset=Prop-Bush_Arid5
Name=9
Pos=59904.2,118.635,157490
Orient=0,0,0,1
Scale=3.025,3.025,3.025
Flags=1

[ENTRY]
ID=151021128
Asset=Bldg-Ruins2?ATS=ATS-Ruins
Name=9
Pos=59512,-86.8932,156785
Orient=0,-0.0099998,0,0.99995
Scale=2.525,2.525,2.525
Flags=1

[ENTRY]
ID=151023796
Asset=Manipulator#Manipulator-PathNode
Name=9
Pos=59898.7,293.806,156856
Orient=0,0,0,1
Scale=1,1,1

[ENTRY]
ID=151023798
Asset=Manipulator#Manipulator-PathNode
Name=9
Pos=59851,292.216,156957
Orient=0,0,0,1
Scale=1,1,1

[ENTRY]
ID=151023800
Asset=Manipulator-SpawnPoint
Name=9
Pos=59993.7,290.565,156859
Orient=0,-0.981854,0,0.189641
Scale=1,1,1
Layer=151000207

