[ENTRY]
ID=151043023
Asset=CL-Dead-Forest4
Name=9
Pos=59627.4,328.368,139280
Orient=-0.0518738,0.796934,-0.0390917,0.600564
Scale=1.725,1.725,1.725

[ENTRY]
ID=151043262
Asset=Prop-Catapult
Name=9
Pos=59908.1,238.777,138754
Orient=0,0.421411,0,0.90687
Scale=1.5,1.5,1.5

