[ENTRY]
ID=151003453
Asset=Swamp_Ruin?d=0.9&amp;s=8714567&amp;sz=800+
Name=9
Pos=59288.3,121.651,160245
Orient=0,-0.227977,0,0.973667
Scale=1.125,1.125,1.125
Flags=1

[ENTRY]
ID=151022593
Asset=Manipulator-SpawnPoint
Name=9
Pos=59457,91.49,160076
Orient=0,0,0,1
Scale=1,1,1
Layer=151000024

[ENTRY]
ID=151022612
Asset=Manipulator-SpawnPoint
Name=9
Pos=59918.4,70.9729,160326
Orient=0,0,0,1
Scale=1,1,1
Layer=151000043

