[ENTRY]
ID=151003446
Asset=Swamp_Ruin?d=0.9&amp;s=8714567&amp;sz=800+
Name=9
Pos=59477.3,87.9614,159614
Orient=0,-0.425939,0,0.904752
Scale=1.425,1.425,1.425
Flags=1

[ENTRY]
ID=151022614
Asset=Manipulator-SpawnPoint
Name=9
Pos=59570.8,94.6389,159348
Orient=0,0,0,1
Scale=1,1,1
Layer=151000045

