[ENTRY]
ID=151003442
Asset=Swamp_Ruin?d=0.9&amp;s=8714567&amp;sz=800+
Name=9
Pos=59902,76.0815,161920
Orient=0,-0.648033,0,0.761612
Scale=1.525,1.525,1.525
Flags=1

[ENTRY]
ID=151022605
Asset=Manipulator-SpawnPoint
Name=9
Pos=59537,103.326,161356
Orient=0,0,0,1
Scale=1,1,1
Layer=151000036

