[ENTRY]
ID=151043619
Asset=Manipulator#Manipulator-PathNode
Name=9
Pos=59452.2,149.557,146376
Orient=0,0,0,1
Scale=1,1,1

[ENTRY]
ID=151043620
Asset=Manipulator-PathNode
Name=9
Pos=59562,145.516,146333
Orient=0,0,0,1
Scale=1,1,1

[ENTRY]
ID=151043622
Asset=Manipulator-SpawnPoint
Name=9
Pos=59483.6,157.056,146343
Orient=0,0.724287,0,0.689498
Scale=1,1,1
Layer=151005219

