[ENTRY]
ID=151021035
Asset=Par-Ground_Fog1
Name=9
Pos=59809.3,88.2025,157886
Orient=0,0,0,1
Scale=1,1,1
Flags=1

[ENTRY]
ID=151021097
Asset=Prop-Battlefield_Skeletons#Prop-Battlefield_Skeleton1
Name=9
Pos=59933.8,92.0382,158065
Orient=0,0,0,1
Scale=1,1,1
Flags=1

[ENTRY]
ID=151021099
Asset=Prop-Battlefield_Skeletons#Prop-Battlefield_Skeleton3
Name=9
Pos=59931.3,94.5172,157948
Orient=0,-0.984865,0,-0.173324
Scale=1.3,1.3,1.3
Flags=1

