[ENTRY]
ID=151000957
Asset=Forest?d=0.9&amp;s=867817&amp;sz=800
Name=9
Pos=59448.8,235.765,152021
Orient=0,0,0,1
Scale=1,1,1
Flags=1

[ENTRY]
ID=151021825
Asset=Manipulator-SpawnPoint
Name=9
Pos=59467,215.532,151736
Orient=0,0,0,1
Scale=1,1,1
Layer=150999702

[ENTRY]
ID=151026382
Asset=Prop-Flowers-Kadzu#Prop-Flowers-Kadzu1
Name=9
Pos=59472,216.458,151982
Orient=0,0.556361,0,0.830941
Scale=1,1,1

[ENTRY]
ID=151026389
Asset=Prop-Flowers-Kadzu1
Name=9
Pos=59433.9,215.446,151819
Orient=0,0.556361,0,0.830941
Scale=1,1,1

