[ENTRY]
ID=151003444
Asset=Swamp_Deep?d=0.9&amp;s=878867&amp;sz=800+
Name=9
Pos=59802,85.1853,161095
Orient=0,-0.781204,0,-0.624275
Scale=1.175,1.175,1.175
Flags=1

