[ENTRY]
ID=151054876
Asset=Par-Waves-1-Emitter
Name=9
Pos=59701,65.3643,149118
Orient=0,0.999973,0,-0.00739181
Scale=3,3,3
Flags=1

