[ENTRY]
ID=151006695
Asset=Swamp_Ruin?d=0.9&amp;s=8714567&amp;sz=800+
Name=9
Pos=60708,113.866,160401
Orient=0,-0.628793,0,0.777573
Scale=1.425,1.425,1.425
Flags=1

[ENTRY]
ID=151022613
Asset=Manipulator-SpawnPoint
Name=9
Pos=60533.1,120.886,160103
Orient=0,0,0,1
Scale=1,1,1
Layer=151000044

