[ENTRY]
ID=151021865
Asset=Manipulator-SpawnPoint
Name=9
Pos=60311.3,227.979,152061
Orient=0,0,0,1
Scale=1,1,1
Layer=150999716

[ENTRY]
ID=151023036
Asset=Forest?d=0.9&amp;s=871817&amp;sz=800
Name=9
Pos=60389.8,257.466,151810
Orient=0,0.72083,0,0.693111
Scale=1,1,1
Flags=1

