[ENTRY]
ID=151036325
Asset=Manipulator-SpawnPoint
Name=9
Pos=60178,356.698,171713
Orient=0,0.963983,0,-0.265965
Scale=0.975,0.975,0.975
Layer=151003799

[ENTRY]
ID=151036328
Asset=Manipulator#Manipulator-PathNode
Name=9
Pos=60091.5,341.113,171736
Orient=0,0,0,1
Scale=0.975,0.975,0.975

