[ENTRY]
ID=151054884
Asset=Par-Waves-1-Emitter
Name=9
Pos=60517.6,65.3643,151376
Orient=0,0.998354,0,-0.05736
Scale=3,3,3
Flags=1

