[ENTRY]
ID=151054593
Asset=Effects#Par-Waves-1-Emitter
Name=9
Pos=60189,60.673,32305
Orient=0,-0.833272,0,0.552863
Scale=1,1,1
Flags=1

