[ENTRY]
ID=150999381
Asset=CL-Rock-Clutter#CL-Rock-Clutter
Name=9
Pos=60355.5,293.683,52340
Orient=0,0,0,1
Scale=1,1,1
Flags=1

[ENTRY]
ID=150999411
Asset=CL-Hills_Tree3#CL-Hills_Tree3
Name=9
Pos=60185.1,397.411,52239.2
Orient=0,-0.99871,0,0.0507745
Scale=1,1,1
Flags=1

[ENTRY]
ID=151051579
Asset=Manipulator#Manipulator-PathNode
Name=9
Pos=60186.4,342.659,52341.3
Orient=0,0,0,1
Scale=0.95,0.95,0.95

