[ENTRY]
ID=151054877
Asset=Par-Waves-1-Emitter
Name=9
Pos=60235.4,65.3643,149491
Orient=0,0.83503,0,0.550204
Scale=3,3,3
Flags=1

