[ENTRY]
ID=151046673
Asset=Manipulator#Manipulator-PathNode
Name=9
Pos=60545.2,98.8597,133057
Orient=0,0,0,1
Scale=1,1,1

[ENTRY]
ID=151046674
Asset=Manipulator-SpawnPoint
Name=9
Pos=60537,98.5787,132993
Orient=0,-0.964884,0,0.262678
Scale=1,1,1
Layer=151006462

[ENTRY]
ID=151046675
Asset=Manipulator#Manipulator-PathNode
Name=9
Pos=60123.8,84.4145,132847
Orient=0,0,0,1
Scale=1,1,1

