[ENTRY]
ID=151059106
Asset=Prop-Sanctuary_Stone
Name=9
Pos=60325.2,404.414,43756.7
Orient=0,0.597195,0,0.802096
Scale=1,1,1
Flags=1

[ENTRY]
ID=151059107
Asset=Manipulator-Sanctuary
Name=9
Pos=60324.4,414.414,43756.7
Orient=0,0,0,1
Scale=1,1,1
Flags=1

