[ENTRY]
ID=151034308
Asset=Manipulator-SpawnPoint
Name=9
Pos=61483.3,255.314,176474
Orient=0,-0.114747,0,0.993395
Scale=1,1,1
Layer=151003506

[ENTRY]
ID=151034418
Asset=Manipulator-PathNode
Name=9
Pos=61434.3,254.779,176424
Orient=0,0,0,1
Scale=1,1,1

[ENTRY]
ID=151034470
Asset=Manipulator-PathNode
Name=9
Pos=61417.9,272.035,176505
Orient=0,0,0,1
Scale=1,1,1

