[ENTRY]
ID=151031562
Asset=Basic Desert?d=0.2&amp;s=8187&amp;sz=800
Name=9
Pos=61038,264.724,168485
Orient=0,0.886627,0,0.462485
Scale=1,1,1

[ENTRY]
ID=151039764
Asset=Manipulator-SpawnPoint
Name=9
Pos=60828.5,371.246,168238
Orient=0,-0.488177,0,0.872745
Scale=0.975,0.975,0.975
Layer=151004626

[ENTRY]
ID=151039827
Asset=Manipulator-SpawnPoint
Name=9
Pos=60937.4,228.017,168617
Orient=0,0,0,1
Scale=1,1,1
Layer=151004670

[ENTRY]
ID=151039828
Asset=Manipulator-SpawnPoint
Name=9
Pos=61259.2,205.551,168527
Orient=0,0,0,1
Scale=1,1,1
Layer=151004671

