[ENTRY]
ID=150997133
Asset=Bldg-Castle-Tower1?ATS=ATS-Castle
Name=9
Pos=61348.7,249.15,117606
Orient=0,-0.297042,0,-0.954864
Scale=1,1,1

[ENTRY]
ID=151048169
Asset=Manipulator-SpawnPoint
Name=9
Pos=61331.3,324.077,117477
Orient=0,0.247404,0,0.968912
Scale=1,1,1
Layer=151007482

[ENTRY]
ID=151055239
Asset=Prop-Hadrian_Wall1
Name=9
Pos=61156.1,234.335,117535
Orient=0,0.703279,0,0.710914
Scale=1,1,1
Flags=1

