[ENTRY]
ID=151031568
Asset=Basic Desert?d=0.2&amp;s=81897&amp;sz=800
Name=9
Pos=61269.4,277.476,167299
Orient=0,0.46178,0,0.886995
Scale=1,1,1

[ENTRY]
ID=151031894
Asset=Manipulator-SpawnPoint
Name=9
Pos=61173.8,206.416,167357
Orient=0,0,0,1
Scale=1,1,1
Layer=151002505

