[ENTRY]
ID=151051570
Asset=Manipulator-SpawnPoint
Name=9
Pos=60994.5,267.786,52990.3
Orient=0,0.648034,0,0.761612
Scale=1,1,1
Layer=151009166

[ENTRY]
ID=151051584
Asset=Manipulator#Manipulator-PathNode
Name=9
Pos=61187.2,280.339,53098.3
Orient=0,0,0,1
Scale=1,1,1

[ENTRY]
ID=151051585
Asset=Manipulator-PathNode
Name=9
Pos=61023.9,265.975,52923.8
Orient=0,0,0,1
Scale=1,1,1

[ENTRY]
ID=151051586
Asset=Manipulator#Manipulator-PathNode
Name=9
Pos=60837.5,271.793,53006.3
Orient=0,0,0,1
Scale=1,1,1

