[ENTRY]
ID=150999899
Asset=CL-Plains_Bush2#CL-Plains_Bush2
Name=9
Pos=61019.7,385.003,42699
Orient=0,0.706825,0,0.707388
Scale=1,1,1
Flags=1

[ENTRY]
ID=151045914
Asset=CL-Fence-Stone_Blue2
Name=9
Pos=61402.9,382.58,42524
Orient=0,0.644218,0,0.764842
Scale=1,1,1
Flags=1

[ENTRY]
ID=151045918
Asset=CL-Fence-Stone_Long_Blue1#CL-Fence-Stone_Long_Blue1
Name=9
Pos=61417,382.254,42356
Orient=0.0137775,0.688783,0.0144958,0.724691
Scale=1,1,1
Flags=1

