[ENTRY]
ID=151046809
Asset=Manipulator-SpawnPoint
Name=9
Pos=61376.7,94.7652,129913
Orient=0,0,0,1
Scale=1,1,1
Layer=151006578

[ENTRY]
ID=151049641
Asset=Manipulator-SpawnPoint
Name=9
Pos=61079.2,90.8779,130158
Orient=0,-0.314567,0,0.949235
Scale=1,1,1
Layer=151008316

[ENTRY]
ID=151049642
Asset=Manipulator#Manipulator-PathNode
Name=9
Pos=61280.9,90.2845,130283
Orient=0,0,0,1
Scale=1,1,1

