[ENTRY]
ID=151000980
Asset=Forest?d=0.9&amp;s=823817&amp;sz=800
Name=9
Pos=61886.6,203.125,158320
Orient=0,-0.777072,0,0.629412
Scale=1,1,1
Flags=1

[ENTRY]
ID=151021505
Asset=Manipulator-SpawnPoint
Name=9
Pos=62027.6,196.591,158439
Orient=0,0,0,1
Scale=1,1,1
Layer=150999478

[ENTRY]
ID=151021506
Asset=Manipulator-SpawnPoint
Name=9
Pos=61874.8,247.576,158808
Orient=0,0,0,1
Scale=1,1,1
Layer=150999479

