[ENTRY]
ID=150997218
Asset=Prop-Rock1
Name=9
Pos=62241.2,171.423,120007
Orient=-0.640585,-0.170663,0.445587,0.601646
Scale=10,10,10
Flags=1

[ENTRY]
ID=150997230
Asset=Prop-Willow_Tree#Prop-Willow_Tree1
Name=9
Pos=61743.4,250.961,120273
Orient=0,0,0,1
Scale=1.3,1.3,1.3
Flags=1

[ENTRY]
ID=151012551
Asset=Prop-Rock2
Name=9
Pos=62153.1,157.985,120106
Orient=-0.474121,-0.314207,0.619763,0.540719
Scale=7.625,7.625,7.625

[ENTRY]
ID=151036644
Asset=CL-Junk_Table2#CL-Junk_Table2
Name=9
Pos=61841.3,248.024,120202
Orient=0,0,0,1
Scale=1,1,1

[ENTRY]
ID=151048259
Asset=Manipulator-SpawnPoint
Name=9
Pos=61690.3,132.943,120687
Orient=0,0,0,1
Scale=1,1,1
Layer=151007533

