[ENTRY]
ID=151021507
Asset=Manipulator-SpawnPoint
Name=9
Pos=62030.3,295.479,159018
Orient=0,0,0,1
Scale=1,1,1
Layer=150999480

[ENTRY]
ID=151021510
Asset=Manipulator-SpawnPoint
Name=9
Pos=62041.1,251.956,159392
Orient=0,0,0,1
Scale=1,1,1
Layer=150999483

[ENTRY]
ID=151023142
Asset=Forest?d=0.9&amp;s=871457&amp;sz=800
Name=9
Pos=62047.3,208.097,159534
Orient=0,0.247404,0,0.968912
Scale=1,1,1
Flags=1

