[ENTRY]
ID=151059844
Asset=Manipulator-SpawnPoint
Name=9
Pos=61834.8,411.064,39546.8
Orient=0,0.767543,0,0.640997
Scale=1,1,1
Layer=151012018

[ENTRY]
ID=151059845
Asset=Manipulator#Manipulator-PathNode
Name=9
Pos=61930.3,433.765,39247.1
Orient=0,0,0,1
Scale=1,1,1

[ENTRY]
ID=151059846
Asset=Manipulator-PathNode
Name=9
Pos=62202.6,493.694,39249.1
Orient=0,0,0,1
Scale=1,1,1

