[ENTRY]
ID=150998374
Asset=Prop-Banner-Camelot3
Name=9
Pos=61954.2,3.9964,145650
Orient=0,-0.059964,0,0.998201
Scale=1,1,1

[ENTRY]
ID=151043516
Asset=Manipulator-SpawnPoint
Name=9
Pos=61562.8,175.127,146179
Orient=0,0,0,1
Scale=1,1,1
Layer=151005185

[ENTRY]
ID=151053966
Asset=Effects#Par-Waves-1-Emitter
Name=9
Pos=61888.5,56.5186,145845
Orient=-0.00337389,-0.870952,0.0947984,-0.482125
Scale=1.5,1.5,1.5
Flags=1

