[ENTRY]
ID=151011393
Asset=Prop-Desert_Accent2
Name=9
Pos=62010.1,1193.56,189606
Orient=0,-0.0799146,0,0.996802
Scale=0.8,0.8,0.8
Flags=1

[ENTRY]
ID=151035073
Asset=Manipulator-SpawnPoint
Name=9
Pos=62174.6,1280.22,189656
Orient=0,-0.183947,0,0.982936
Scale=1,1,1
Layer=151003574

[ENTRY]
ID=151035257
Asset=Manipulator-SpawnPoint
Name=9
Pos=61798.7,1272.86,189598
Orient=0,-0.997129,0,0.0757238
Scale=1,1,1
Layer=151003617

[ENTRY]
ID=151036389
Asset=Manipulator-SpawnPoint
Name=9
Pos=61601.8,1223.17,189595
Orient=0,0,0,1
Scale=1,1,1
Layer=151003825

