[ENTRY]
ID=151047338
Asset=Manipulator-SpawnPoint
Name=9
Pos=61700.9,87.9494,125977
Orient=0,0,0,1
Scale=1,1,1
Layer=151006987

[ENTRY]
ID=151049648
Asset=Manipulator-SpawnPoint
Name=9
Pos=61894,89.5094,125659
Orient=0,-0.974616,0,0.223883
Scale=1,1,1
Layer=151008320

[ENTRY]
ID=151049649
Asset=Manipulator#Manipulator-PathNode
Name=9
Pos=61743.6,95.7647,125761
Orient=0,0,0,1
Scale=1,1,1

