[ENTRY]
ID=151029275
Asset=Manipulator-SpawnPoint
Name=9
Pos=62245.8,769.874,67790
Orient=0,0,0,1
Scale=1,1,1
Layer=151001537

[ENTRY]
ID=151029281
Asset=Manipulator-SpawnPoint
Name=9
Pos=62082.5,764.836,68173
Orient=0,0,0,1
Scale=1,1,1
Layer=151001541

[ENTRY]
ID=151040490
Asset=Prop-Burnt_Pines#Prop-Burnt_Pine4
Name=9
Pos=62169.5,766.098,68115
Orient=-0.0998334,0,0,0.995004
Scale=2.175,2.175,2.175

