[ENTRY]
ID=151001039
Asset=Forest?d=0.9&amp;s=671834&amp;sz=800+
Name=9
Pos=62653.7,145.598,154467
Orient=0,-0.242556,0,0.970137
Scale=0.825,0.825,0.825
Flags=1

[ENTRY]
ID=151020106
Asset=Manipulator-SpawnPoint
Name=9
Pos=62791.5,268.867,154010
Orient=0,0,0,1
Scale=1,1,1
Layer=150999235

