[ENTRY]
ID=151023231
Asset=Manipulator#Manipulator-PathNode
Name=9
Pos=62955.4,770.114,157749
Orient=0,0,0,1
Scale=1,1,1

[ENTRY]
ID=151023232
Asset=Manipulator#Manipulator-PathNode
Name=9
Pos=62976.3,770.115,157889
Orient=0,-0.475031,0,0.879969
Scale=1,1,1

[ENTRY]
ID=151023233
Asset=Manipulator#Manipulator-PathNode
Name=9
Pos=62879.1,770.115,157968
Orient=0,0,0,1
Scale=1,1,1

