[ENTRY]
ID=151048659
Asset=Manipulator-SpawnPoint
Name=9
Pos=62751.7,91.8049,140643
Orient=0,-0.836026,0,0.54869
Scale=1,1,1
Layer=151007768

[ENTRY]
ID=151048660
Asset=Manipulator-SpawnPoint
Name=9
Pos=62846.8,96.8511,140276
Orient=0,0.389418,0,0.921061
Scale=1,1,1
Layer=151007769

[ENTRY]
ID=151048698
Asset=Manipulator-SpawnPoint
Name=9
Pos=62779.2,89.4428,140409
Orient=0,-0.674288,0,0.738469
Scale=1,1,1
Layer=151007768

