[ENTRY]
ID=151034035
Asset=Manipulator-SpawnPoint
Name=9
Pos=62729.9,385.936,179343
Orient=0,-0.777072,0,0.629412
Scale=1,1,1
Layer=151003363

[ENTRY]
ID=151034036
Asset=Manipulator#Manipulator-PathNode
Name=9
Pos=62650,356.893,179590
Orient=0,0,0,1
Scale=1,1,1

[ENTRY]
ID=151034037
Asset=Manipulator-PathNode
Name=9
Pos=62757.1,345.39,179828
Orient=0,0,0,1
Scale=1,1,1

[ENTRY]
ID=151034039
Asset=Manipulator-PathNode
Name=9
Pos=62439.7,326.503,179988
Orient=0,0,0,1
Scale=1,1,1

