[ENTRY]
ID=151031560
Asset=Basic Desert?d=0.3&amp;s=83856&amp;sz=800
Name=9
Pos=62667.5,238.316,167750
Orient=0,0.281157,0,0.959662
Scale=1,1,1

[ENTRY]
ID=151031823
Asset=Manipulator-SpawnPoint
Name=9
Pos=62890.2,249.354,167316
Orient=0,0,0,1
Scale=1,1,1
Layer=151002483

[ENTRY]
ID=151031824
Asset=Manipulator-SpawnPoint
Name=9
Pos=62794,250.935,167882
Orient=0,0,0,1
Scale=1,1,1
Layer=151002484

[ENTRY]
ID=151031830
Asset=Manipulator-SpawnPoint
Name=9
Pos=62467.3,240.95,167511
Orient=0,0,0,1
Scale=1,1,1
Layer=151002489

