[ENTRY]
ID=151015806
Asset=Prop-Tribal_Furniture#Prop-Tribal_Lamp1
Name=9
Pos=62521.5,386.834,178929
Orient=-0.0398614,-0.00319573,0.0798507,0.996004
Scale=1.6,1.6,1.6

[ENTRY]
ID=151015807
Asset=Prop-Tribal_Lamp1
Name=9
Pos=62461.1,366.266,179107
Orient=0.0298996,0.00239708,0.0798787,0.996353
Scale=1.95,1.95,1.95

[ENTRY]
ID=151034040
Asset=Manipulator-SpawnPoint
Name=9
Pos=62576,351.398,178754
Orient=0,-0.995083,0,-0.099041
Scale=1,1,1
Layer=151003364

[ENTRY]
ID=151034041
Asset=Manipulator-SpawnPoint
Name=9
Pos=62382.9,347.488,178814
Orient=0,-0.989621,0,-0.143704
Scale=1,1,1
Layer=151003365

