[ENTRY]
ID=151035041
Asset=Manipulator-SpawnPoint
Name=9
Pos=62866,1198.43,192038
Orient=0,-0.983083,0,-0.183163
Scale=1,1,1
Layer=151003570

[ENTRY]
ID=151035230
Asset=Manipulator-SpawnPoint
Name=9
Pos=62800.4,1200.26,192020
Orient=0,-0.999816,0,-0.0192024
Scale=0.975,0.975,0.975
Layer=151003607

