[ENTRY]
ID=151012716
Asset=Prop-Boulder_Arid2
Name=9
Pos=62804.8,285.54,174320
Orient=-0.104709,-0.316857,0.00521423,0.942661
Scale=5.225,5.225,5.225
Flags=1

