[ENTRY]
ID=150996246
Asset=CL-Hills_RockGiant1#CL-Hills_RockGiant1
Name=9
Pos=62605.2,108.919,133338
Orient=0,0.696135,0,0.717911
Scale=0.275,0.275,0.275
Flags=1

[ENTRY]
ID=150996247
Asset=CL-Hills_Rock1#CL-Hills_Rock1
Name=9
Pos=62591,109.772,133319
Orient=0,0,0,1
Scale=1,1,1
Flags=1

