[ENTRY]
ID=151054030
Asset=Effects#Par-Waves-1-Emitter
Name=9
Pos=62332.4,91.5242,145902
Orient=0,0.824886,0,0.565299
Scale=2.175,2.175,2.175
Flags=1

