[ENTRY]
ID=151001200
Asset=Forest?d=0.7&amp;s=341817&amp;sz=800
Name=9
Pos=62942.9,280.219,161222
Orient=0,0.999784,0,0.0207949
Scale=1.475,1.475,1.475
Flags=1

[ENTRY]
ID=151021519
Asset=Manipulator-SpawnPoint
Name=9
Pos=62690.1,269.417,160663
Orient=0,0,0,1
Scale=1,1,1
Layer=150999491

[ENTRY]
ID=151021524
Asset=Manipulator-SpawnPoint
Name=9
Pos=62818.3,239.387,161117
Orient=0,0,0,1
Scale=1,1,1
Layer=150999496

[ENTRY]
ID=151023043
Asset=Forest?d=0.9&amp;s=341817&amp;sz=800
Name=9
Pos=62388.9,209.822,161089
Orient=0,0.761096,0,0.64864
Scale=1.275,1.275,1.275
Flags=1

