[ENTRY]
ID=151048161
Asset=Manipulator-SpawnPoint
Name=9
Pos=62767.4,189.198,117675
Orient=0,0,0,1
Scale=1,1,1
Layer=151007474

[ENTRY]
ID=151048163
Asset=Manipulator-SpawnPoint
Name=9
Pos=62661.2,189.197,117246
Orient=0,0,0,1
Scale=1,1,1
Layer=151007476

[ENTRY]
ID=151048164
Asset=Manipulator-SpawnPoint
Name=9
Pos=62291.4,264.52,117375
Orient=0,0,0,1
Scale=1,1,1
Layer=151007477

[ENTRY]
ID=151055236
Asset=Prop-Hadrian_Wall1
Name=9
Pos=62295.7,205.784,117155
Orient=0,0.854714,0,0.519099
Scale=1,1,1
Flags=1

