[ENTRY]
ID=151020101
Asset=Manipulator-SpawnPoint
Name=9
Pos=62461.4,265.991,152958
Orient=0,0.425939,0,0.904752
Scale=1,1,1
Layer=150999234

[ENTRY]
ID=151023041
Asset=Forest?d=0.9&amp;s=871817&amp;sz=800
Name=9
Pos=62772.6,245.461,152858
Orient=0,0.333487,0,0.942755
Scale=1.45,1.45,1.45
Flags=1

