[ENTRY]
ID=151006696
Asset=Forest?d=0.9&amp;s=87567&amp;sz=800
Name=9
Pos=62369.1,269.673,162286
Orient=0,0.338197,0,0.941075
Scale=1,1,1
Flags=1

[ENTRY]
ID=151021528
Asset=Manipulator-SpawnPoint
Name=9
Pos=62801.6,259.261,162225
Orient=0,0,0,1
Scale=1,1,1
Layer=150999500

[ENTRY]
ID=151021537
Asset=Manipulator-SpawnPoint
Name=9
Pos=62257.2,262.409,162560
Orient=0,0,0,1
Scale=1,1,1
Layer=150999509

[ENTRY]
ID=151021538
Asset=Manipulator-SpawnPoint
Name=9
Pos=62503,329.496,162492
Orient=0,0,0,1
Scale=1,1,1
Layer=150999510

