[ENTRY]
ID=151046915
Asset=Manipulator-SpawnPoint
Name=9
Pos=62345.8,110.282,126587
Orient=0,0,0,1
Scale=1,1,1
Layer=151006679

[ENTRY]
ID=151047333
Asset=Manipulator-SpawnPoint
Name=9
Pos=62580.5,89.6226,126658
Orient=0,0,0,1
Scale=1,1,1
Layer=151006982

[ENTRY]
ID=151047336
Asset=Manipulator-SpawnPoint
Name=9
Pos=62335.9,101.364,126072
Orient=0,0,0,1
Scale=1,1,1
Layer=151006985

[ENTRY]
ID=151049650
Asset=Manipulator-SpawnPoint
Name=9
Pos=62947.6,104.625,126077
Orient=0,-0.252245,0,0.967663
Scale=1,1,1
Layer=151008321

