[ENTRY]
ID=151059838
Asset=Manipulator-SpawnPoint
Name=9
Pos=62892.2,480.991,40546.4
Orient=0,-0.930216,0,0.367013
Scale=0.975,0.975,0.975
Layer=151012016

[ENTRY]
ID=151059839
Asset=Manipulator#Manipulator-PathNode
Name=9
Pos=62727.6,468.82,40781.6
Orient=0,0,0,1
Scale=0.975,0.975,0.975

[ENTRY]
ID=151059840
Asset=Manipulator-PathNode
Name=9
Pos=62647.7,498.057,40996.6
Orient=0,0,0,1
Scale=0.975,0.975,0.975

