[ENTRY]
ID=150999043
Asset=CL-Roadside2#CL-Roadside2
Name=9
Pos=63539.8,182.872,140120
Orient=0,-0.66687,0,0.745174
Scale=1.5,1.5,1.5
Flags=1

[ENTRY]
ID=150999046
Asset=CL-Wooden_Fence1#CL-Wooden_Fence1
Name=9
Pos=63448.5,191.074,140138
Orient=0,0.692537,0,0.721382
Scale=1.5,1.5,1.5
Flags=1

[ENTRY]
ID=151046373
Asset=Manipulator-SpawnPoint
Name=9
Pos=63746.5,241.68,139632
Orient=0,0,0,1
Scale=1,1,1
Layer=151006302

