[ENTRY]
ID=151055233
Asset=Prop-Hadrian_Wall1
Name=9
Pos=63431.7,174.601,116733
Orient=0,0.717356,0,0.696707
Scale=1,1,1
Flags=1

[ENTRY]
ID=151055234
Asset=Prop-Hadrian_Wall1
Name=9
Pos=63016.8,181.781,116744
Orient=0,0.836026,0,0.54869
Scale=1,1,1
Flags=1

