[ENTRY]
ID=151001030
Asset=Forest?d=0.9&amp;s=561237&amp;sz=800
Name=9
Pos=63202.8,235.459,153462
Orient=0,0.893464,0,0.449134
Scale=1,1,1
Flags=1

[ENTRY]
ID=151021913
Asset=Manipulator-SpawnPoint
Name=9
Pos=63173.3,212.237,153578
Orient=0,0,0,1
Scale=1,1,1
Layer=150999736

