[ENTRY]
ID=151006736
Asset=Forest?d=0.9&amp;s=341817&amp;sz=800
Name=9
Pos=63017.9,250.029,160943
Orient=0,0.227978,0,0.973666
Scale=1,1,1
Flags=1

[ENTRY]
ID=151021518
Asset=Manipulator-SpawnPoint
Name=9
Pos=63143.9,241.773,160616
Orient=0,0,0,1
Scale=1,1,1
Layer=150999490

[ENTRY]
ID=151021526
Asset=Manipulator-SpawnPoint
Name=9
Pos=63406.6,210.941,161173
Orient=0,0,0,1
Scale=1,1,1
Layer=150999498

