[ENTRY]
ID=151001035
Asset=Forest?d=0.9&amp;s=871817&amp;sz=800+
Name=9
Pos=63416.8,190.57,154508
Orient=0,0.999784,0,0.0207949
Scale=1.1,1.1,1.1
Flags=1

