[ENTRY]
ID=150996185
Asset=CL-Hills_Bush5#CL-Hills_Bush5
Name=9
Pos=63499.6,232.283,142069
Orient=0,0,0,1
Scale=1,1,1

[ENTRY]
ID=150999056
Asset=CL-Roadside2#CL-Roadside2
Name=9
Pos=63331.8,184.052,141761
Orient=0.0287128,0.369831,0.0853131,0.924728
Scale=1.5,1.5,1.5

[ENTRY]
ID=151044958
Asset=Manipulator-SpawnPoint
Name=9
Pos=63509.9,234.464,142102
Orient=0,0,0,1
Scale=1,1,1
Layer=151005736

