[ENTRY]
ID=151001036
Asset=Forest?d=0.9&amp;s=871834&amp;sz=800+
Name=9
Pos=63361.2,250.137,153862
Orient=0,0.999784,0,0.0207949
Scale=0.925,0.925,0.925
Flags=1

