[ENTRY]
ID=151002624
Asset=Forest?d=0.9&amp;s=671834&amp;sz=800+
Name=9
Pos=63611.7,196.92,152660
Orient=0,0.724287,0,0.689499
Scale=1.1,1.1,1.1
Flags=1

[ENTRY]
ID=151020096
Asset=Manipulator-SpawnPoint
Name=9
Pos=63413.8,222.086,152984
Orient=0,0,0,1
Scale=1,1,1
Layer=150999232

