[ENTRY]
ID=151014243
Asset=Manipulator-SpawnPoint
Name=9
Pos=63552.5,286.676,162853
Orient=0,0.893464,0,0.449134
Scale=1,1,1
Layer=150998193

[ENTRY]
ID=151021534
Asset=Manipulator-SpawnPoint
Name=9
Pos=63426.7,222.343,162927
Orient=0,0,0,1
Scale=1,1,1
Layer=150999506

