[ENTRY]
ID=151002888
Asset=Swamp_Ruin?d=0.9&amp;s=123428&amp;sz=800
Name=9
Pos=63161.7,93.8604,124303
Orient=0,0.0549723,0,0.998488
Scale=1,1,1
Flags=1

[ENTRY]
ID=151047357
Asset=Manipulator-SpawnPoint
Name=9
Pos=63138.7,100.293,124121
Orient=0,0,0,1
Scale=1,1,1
Layer=151007006

[ENTRY]
ID=151049995
Asset=Manipulator-PathNode
Name=9
Pos=63284.4,100.13,124161
Orient=0,0,0,1
Scale=1,1,1

