[ENTRY]
ID=151014251
Asset=Manipulator-SpawnPoint
Name=9
Pos=63113.6,210.622,162634
Orient=0,0.659385,0,0.751806
Scale=1,1,1
Layer=150998200

[ENTRY]
ID=151014252
Asset=Manipulator-SpawnPoint
Name=9
Pos=63141.7,233.891,162570
Orient=0,0.999991,0,-0.00420359
Scale=1,1,1
Layer=150998200

[ENTRY]
ID=151021530
Asset=Manipulator-SpawnPoint
Name=9
Pos=63588.4,245.952,162455
Orient=0,0,0,1
Scale=1,1,1
Layer=150999502

[ENTRY]
ID=151021532
Asset=Manipulator-SpawnPoint
Name=9
Pos=63091,211.986,162281
Orient=0,0,0,1
Scale=1,1,1
Layer=150999504

