[ENTRY]
ID=150996243
Asset=CL-Hills_Bush2#CL-Hills_Bush2
Name=9
Pos=63430.4,288.712,133701
Orient=0,0,0,1
Scale=1.725,1.725,1.725

[ENTRY]
ID=151032907
Asset=Prop-Tree_Accessories1#Prop-Tree_Cut
Name=9
Pos=63574.9,253.45,133946
Orient=-0.0657463,-0.630389,-0.0537121,0.771623
Scale=1.4,1.4,1.4
Flags=1

[ENTRY]
ID=151047132
Asset=Manipulator-SpawnPoint
Name=9
Pos=63071.4,219.081,133658
Orient=0,0,0,1
Scale=1,1,1
Layer=151006851

[ENTRY]
ID=151047134
Asset=Manipulator-SpawnPoint
Name=9
Pos=63502.4,307.216,133712
Orient=0,0,0,1
Scale=1,1,1
Layer=151006853

