[ENTRY]
ID=151046024
Asset=CL-Fence-Stone_Long_Blue2#CL-Fence-Stone_Long_Blue2
Name=9
Pos=63712,417.469,40101.9
Orient=-0.0329403,0.962052,0.0118082,-0.270615
Scale=1.5,1.5,1.5
Flags=1

[ENTRY]
ID=151046030
Asset=CL-Fence-Stone_Blue5#CL-Fence-Stone_Blue5
Name=9
Pos=63748.9,414.121,39941
Orient=0,0.164253,0,0.986418
Scale=1.5,1.5,1.5
Flags=1

