[ENTRY]
ID=151023118
Asset=CL-Sick-Rotted_Forest2#CL-Sick-Rotted_Forest2
Name=9
Pos=64469.9,270.604,164603
Orient=0,0.717356,0,0.696707
Scale=1.4,1.4,1.4
Flags=1

[ENTRY]
ID=151023156
Asset=CL-Sick-Rotted_Forest3#CL-Sick-Rotted_Forest3
Name=9
Pos=63823,159.765,164531
Orient=0,0.223106,0,0.974794
Scale=1.575,1.575,1.575
Flags=1

