[ENTRY]
ID=151037273
Asset=CL-Bush_Autumn5
Name=9
Pos=63891.1,123.242,42078
Orient=0,-0.989621,0,-0.143705
Scale=2.125,2.125,2.125
Flags=1

[ENTRY]
ID=151055563
Asset=Manipulator-SpawnPoint
Name=9
Pos=64143.6,547.594,42215
Orient=0,0,0,1
Scale=1,1,1
Layer=151010672

