[ENTRY]
ID=151039250
Asset=Manipulator-SpawnPoint
Name=9
Pos=64484.8,1136.05,182899
Orient=0,-0.99871,0,0.0507745
Scale=1,1,1
Layer=151004439

[ENTRY]
ID=151039251
Asset=Manipulator#Manipulator-PathNode
Name=9
Pos=64269.6,1137.73,182867
Orient=0,0,0,1
Scale=1,1,1

[ENTRY]
ID=151039253
Asset=Manipulator-SpawnPoint
Name=9
Pos=63797,872.969,182514
Orient=0,0,0,1
Scale=1,1,1
Layer=151004440

