[ENTRY]
ID=151021531
Asset=Manipulator-SpawnPoint
Name=9
Pos=64077,317.739,162885
Orient=0,0,0,1
Scale=1,1,1
Layer=150999503

[ENTRY]
ID=151023133
Asset=CL-Rotted_Thicket2
Name=9
Pos=64314,183.58,163357
Orient=0,-0.944148,0,0.329521
Scale=2.95,2.95,2.95
Flags=1

[ENTRY]
ID=151023164
Asset=Prop-Bush-Large3#Prop-Bush-Large3
Name=9
Pos=63884.4,223.211,163409
Orient=0,0,0,1
Scale=2,2,2
Flags=1

