[ENTRY]
ID=151037274
Asset=CL-Bush_Autumn5
Name=9
Pos=64329.6,494.078,42996
Orient=0,-0.971527,0,-0.23693
Scale=2.65,2.65,2.65
Flags=1

[ENTRY]
ID=151037275
Asset=CL-Bush_Autumn5#CL-Bush_Autumn5
Name=9
Pos=64439.5,720.292,43136
Orient=0,-0.948985,0,0.315322
Scale=1.625,1.625,1.625
Flags=1

[ENTRY]
ID=151055588
Asset=Manipulator-PathNode
Name=9
Pos=64206.7,716.072,43332.5
Orient=0,0,0,1
Scale=1,1,1

