[ENTRY]
ID=151006963
Asset=Prop-Henge-SarsenStone_Post2
Name=9
Pos=64453.8,231.138,35720
Orient=0.0334432,0.754454,0.106933,0.646719
Scale=1.825,1.825,1.825
Flags=1

[ENTRY]
ID=151055278
Asset=Manipulator-SpawnPoint
Name=9
Pos=64298.9,239.601,35626
Orient=0,-0.0149994,0,0.999888
Scale=1,1,1
Layer=151010494

[ENTRY]
ID=151055279
Asset=Manipulator-SpawnPoint
Name=9
Pos=64446.9,240.329,35683
Orient=0,0.699716,0,0.714421
Scale=1,1,1
Layer=151010495

