[ENTRY]
ID=151003772
Asset=Prop-Tree4
Name=9
Pos=63995.7,363.993,159318
Orient=0,-0.857299,0,0.514819
Scale=1.65,1.65,1.65
Flags=1

[ENTRY]
ID=151023026
Asset=Manipulator#Manipulator-PathNode
Name=9
Pos=63967.1,376.052,159209
Orient=0,0,0,1
Scale=1,1,1

[ENTRY]
ID=151023027
Asset=Manipulator#Manipulator-PathNode
Name=9
Pos=63939.1,373.121,159287
Orient=0,0,0,1
Scale=1,1,1

[ENTRY]
ID=151023028
Asset=Manipulator#Manipulator-PathNode
Name=9
Pos=63932.3,356.124,159395
Orient=0,0,0,1
Scale=1,1,1

