[ENTRY]
ID=151055231
Asset=Prop-Hadrian_Wall1
Name=9
Pos=64197.7,212.899,116426
Orient=0,0.854714,0,0.519099
Scale=1,1,1
Flags=1

[ENTRY]
ID=151055232
Asset=Prop-Hadrian_Wall1
Name=9
Pos=63829.1,198.79,116614
Orient=0,0.804599,0,0.593819
Scale=1,1,1
Flags=1

