[ENTRY]
ID=151010247
Asset=Forest?d=0.9&amp;s=871817&amp;sz=800
Name=9
Pos=63959.6,275.121,159817
Orient=0,0.305059,0,0.952333
Scale=1,1,1
Flags=1

[ENTRY]
ID=151023030
Asset=Manipulator#Manipulator-PathNode
Name=9
Pos=64033.6,216.554,160264
Orient=0,0,0,1
Scale=1,1,1

