[ENTRY]
ID=151037271
Asset=CL-Bush_Autumn5
Name=9
Pos=64961.5,179.927,41858
Orient=0,0.0848977,0,0.99639
Scale=2.125,2.125,2.125

