[ENTRY]
ID=151050175
Asset=Manipulator-SpawnPoint
Name=9
Pos=64533.5,181.754,149042
Orient=0,0.836026,0,0.54869
Scale=1,1,1
Layer=151008507

[ENTRY]
ID=151054910
Asset=Par-Waves-1-Emitter
Name=9
Pos=65220.3,65.3643,148751
Orient=0,0.999625,0,-0.0273886
Scale=3,3,3
Flags=1

