[ENTRY]
ID=150997568
Asset=Prop-Swamp-TreeA.png#Prop-Swamp-Tree3
Name=9
Pos=65113.8,65.0306,129663
Orient=0,0,0,1
Scale=1.8,1.8,1.8

[ENTRY]
ID=151002999
Asset=Swamp_Ruin?d=0.9&amp;s=123456&amp;sz=800
Name=9
Pos=64970.6,79.6681,129536
Orient=0,-0.741296,0,0.671178
Scale=1,1,1

[ENTRY]
ID=151046744
Asset=Manipulator-SpawnPoint
Name=9
Pos=64696.7,102.416,129150
Orient=0,0,0,1
Scale=1,1,1
Layer=151006521

[ENTRY]
ID=151046747
Asset=Manipulator-SpawnPoint
Name=9
Pos=65246.3,89.4264,129384
Orient=0,0,0,1
Scale=1,1,1
Layer=151006524

