[ENTRY]
ID=151043241
Asset=Manipulator-PathNode
Name=9
Pos=64766.4,171.946,144019
Orient=0,0,0,1
Scale=1,1,1

[ENTRY]
ID=151043242
Asset=Manipulator-PathNode
Name=9
Pos=65010.5,172.89,144086
Orient=0,0,0,1
Scale=1,1,1

[ENTRY]
ID=151043247
Asset=Manipulator-SpawnPoint
Name=9
Pos=65043.6,175.628,144157
Orient=0,-0.40319,0,0.915116
Scale=1,1,1
Layer=151005121

