[ENTRY]
ID=151055230
Asset=Prop-Hadrian_Wall1#Prop-Hadrian_Wall1
Name=9
Pos=64523.7,190.142,116183
Orient=0,0.891207,0,0.453596
Scale=1,1,1
Flags=1

[ENTRY]
ID=151055831
Asset=Prop-Hadrian_Wall1
Name=9
Pos=64929.7,151.123,116075
Orient=0,0.792563,0,0.609791
Scale=1,1,1
Flags=1

