[ENTRY]
ID=151054409
Asset=Par-Waves-1-Emitter
Name=9
Pos=64510.7,76.5762,117735
Orient=0,0.688921,0,0.724836
Scale=3,3,3
Flags=1

[ENTRY]
ID=151054411
Asset=Par-Waves-1-Emitter
Name=9
Pos=64510.7,76.5762,117075
Orient=0,0.688921,0,0.724836
Scale=3,3,3
Flags=1

