[ENTRY]
ID=151059118
Asset=Prop-Sanctuary_Stone
Name=9
Pos=65093.4,420.641,34078.6
Orient=0,0.727725,0,0.685869
Scale=1,1,1
Flags=1

[ENTRY]
ID=151059119
Asset=Manipulator-Sanctuary
Name=9
Pos=65092.6,430.641,34078.6
Orient=0,0,0,1
Scale=1,1,1
Flags=1

