[ENTRY]
ID=151001045
Asset=Sick-Rotted_Forest?d=0.9&amp;s=671834&amp;sz=800+
Name=9
Pos=65094,257.226,152714
Orient=0,0.988134,0,-0.153593
Scale=0.85,0.85,0.85
Flags=1

[ENTRY]
ID=151023042
Asset=Forest?d=0.9&amp;s=671834&amp;sz=800+
Name=9
Pos=64786.3,188.341,152593
Orient=0,0.448422,0,0.893822
Scale=1.1,1.1,1.1
Flags=1

