[ENTRY]
ID=151037272
Asset=CL-Bush_Autumn5
Name=9
Pos=64634.8,123.361,42000
Orient=0,-0.731146,0,0.682221
Scale=2.125,2.125,2.125

[ENTRY]
ID=151055534
Asset=Manipulator-PathNode
Name=9
Pos=64689.8,86.5496,42689.8
Orient=0,0,0,1
Scale=1,1,1

[ENTRY]
ID=151055535
Asset=Manipulator-PathNode
Name=9
Pos=64578.6,82.3755,42689.7
Orient=0,0,0,1
Scale=1,1,1

