[ENTRY]
ID=151003267
Asset=Bldg-Heartwood_Church?ATS=ATS-Church
Name=9
Pos=64506.6,607.4,157449
Orient=0,0.295612,0,-0.955308
Scale=1,1,1
Flags=1

[ENTRY]
ID=151022981
Asset=Light-Huge?COLOR=ffdd33
Name=9
Pos=64550.8,661.21,157391
Orient=0,0,0,1
Scale=1,1,1
Flags=1

[ENTRY]
ID=151029145
Asset=Bldg-Heartwood1#Bldg-Heartwood1
Name=9
Pos=64904,231.118,157029
Orient=0,-0.285953,0,0.958244
Scale=1,1,1
Flags=1

