[ENTRY]
ID=151004413
Asset=CL-Market_Stall-Armor#CL-Market_Stall-Armor
Name=9
Pos=64872.6,453.156,33322
Orient=0,0.692537,0,0.721382
Scale=1,1,1
Flags=1

