[ENTRY]
ID=151047612
Asset=Manipulator-SpawnPoint
Name=9
Pos=65411.6,177.727,119139
Orient=0,0,0,1
Scale=1,1,1
Layer=151007164

[ENTRY]
ID=151047618
Asset=Manipulator-SpawnPoint
Name=9
Pos=65468.7,147.485,118780
Orient=0,0,0,1
Scale=1,1,1
Layer=151007167

[ENTRY]
ID=151054418
Asset=Par-Waves-1-Emitter
Name=9
Pos=65965.8,77.9159,118992
Orient=0,0.762271,0,0.647258
Scale=2,2,2

