[ENTRY]
ID=151010248
Asset=Forest?d=0.9&amp;s=871347&amp;sz=800
Name=9
Pos=65381.8,227.607,159421
Orient=0,0.305059,0,0.952333
Scale=1,1,1
Flags=1

[ENTRY]
ID=151022007
Asset=Manipulator-SpawnPoint
Name=9
Pos=65476.1,237.404,159271
Orient=0,0,0,1
Scale=1,1,1
Layer=150999789

[ENTRY]
ID=151022015
Asset=Manipulator-SpawnPoint
Name=9
Pos=65594.4,181.797,159741
Orient=0,0,0,1
Scale=1,1,1
Layer=150999791

