[ENTRY]
ID=151023044
Asset=CL-Sick-Rotted_Forest1#CL-Sick-Rotted_Forest1
Name=9
Pos=65461.7,194.618,154762
Orient=0,0.265197,0,-0.964194
Scale=1.975,1.975,1.975
Flags=1

