[ENTRY]
ID=151001068
Asset=Forest?d=0.9&amp;s=871817&amp;sz=800
Name=9
Pos=65850,188.603,158765
Orient=0,0.920751,0,0.390152
Scale=1.075,1.075,1.075
Flags=1

[ENTRY]
ID=151022000
Asset=Manipulator-SpawnPoint
Name=9
Pos=65697,284.484,158586
Orient=0,0,0,1
Scale=1,1,1
Layer=150999785

[ENTRY]
ID=151022006
Asset=Manipulator-SpawnPoint
Name=9
Pos=65374,244.835,158796
Orient=0,0,0,1
Scale=1,1,1
Layer=150999788

