[ENTRY]
ID=151021550
Asset=Manipulator-SpawnPoint
Name=9
Pos=65416,244.536,160119
Orient=0,0,0,1
Scale=1,1,1
Layer=150999522

[ENTRY]
ID=151023149
Asset=Forest?d=0.9&amp;s=23323&amp;sz=800
Name=9
Pos=65804.9,-45.1891,159986
Orient=0,-0.772906,0,-0.634521
Scale=1.575,1.575,1.575
Flags=1

