[ENTRY]
ID=151036988
Asset=Manipulator#Manipulator-PathNode
Name=9
Pos=65874.4,1224.32,178155
Orient=0,0,0,1
Scale=1,1,1

[ENTRY]
ID=151036989
Asset=Manipulator-SpawnPoint
Name=9
Pos=65844.4,1240.15,178202
Orient=0,-0.792563,0,0.609791
Scale=1.025,1.025,1.025
Layer=151003895

[ENTRY]
ID=151036990
Asset=Manipulator#Manipulator-PathNode
Name=9
Pos=65733.6,1273.17,178389
Orient=0,0,0,1
Scale=1,1,1

