[ENTRY]
ID=151013133
Asset=Manipulator-SpawnPoint
Name=9
Pos=65501,235.119,154266
Orient=0,0,0,1
Scale=1,1,1
Layer=150997821

[ENTRY]
ID=151013399
Asset=CL-Rotted_Flora1#CL-Rotted_Flora1
Name=9
Pos=65850.9,177.541,153812
Orient=0,-0.0699428,0,0.997551
Scale=1.8,1.8,1.8
Flags=1

[ENTRY]
ID=151014114
Asset=Manipulator-SpawnPoint
Name=9
Pos=65668.9,245.831,154118
Orient=0,0,0,1
Scale=1,1,1
Layer=150998095

