[ENTRY]
ID=151054413
Asset=Effects#Par-Waves-1-Emitter
Name=9
Pos=65733.9,77.9159,118394
Orient=0,0.911458,0,0.411393
Scale=2,2,2
Flags=1

