[ENTRY]
ID=151050172
Asset=Manipulator-SpawnPoint
Name=9
Pos=65571.1,210.756,149189
Orient=0,-0.830498,0,0.557022
Scale=0.925,0.925,0.925
Layer=151008506

