[ENTRY]
ID=151047610
Asset=Manipulator-SpawnPoint
Name=9
Pos=65323.5,174.301,119618
Orient=0,0,0,1
Scale=1,1,1
Layer=151007162

[ENTRY]
ID=151054417
Asset=Par-Waves-1-Emitter
Name=9
Pos=65955.9,60.9498,119514
Orient=0,0.762271,0,0.647258
Scale=2,2,2
Flags=1

