[ENTRY]
ID=151022266
Asset=Manipulator-SpawnPoint
Name=9
Pos=66381,160.16,164386
Orient=0,0,0,1
Scale=1,1,1
Layer=150999923

[ENTRY]
ID=151023054
Asset=Forest?d=0.9&amp;s=32317&amp;sz=800
Name=9
Pos=66707.7,257.106,164612
Orient=0,-0.109779,0,0.993956
Scale=1.325,1.325,1.325
Flags=1

