[ENTRY]
ID=151060321
Asset=Manipulator-SpawnPoint
Name=9
Pos=66002.2,612.735,35194.5
Orient=0,-0.443948,0,0.896053
Scale=1,1,1
Layer=151012187

[ENTRY]
ID=151060418
Asset=Manipulator-PathNode
Name=9
Pos=66610,474.843,34870
Orient=0,0,0,1
Scale=1,1,1

[ENTRY]
ID=151060419
Asset=Manipulator-PathNode
Name=9
Pos=66665,493.334,35195
Orient=0,0,0,1
Scale=1,1,1

