[ENTRY]
ID=151032598
Asset=Manipulator-SpawnPoint
Name=9
Pos=66136.6,1212.86,183838
Orient=0,0,0,1
Scale=1,1,1
Layer=151002924

[ENTRY]
ID=151039219
Asset=Manipulator#Manipulator-PathNode
Name=9
Pos=66562.5,1211.82,183807
Orient=0.810497,0,0,0.585743
Scale=1,1,1

[ENTRY]
ID=151039220
Asset=Manipulator-SpawnPoint
Name=9
Pos=66586.2,1221.03,183881
Orient=0,0,0,1
Scale=0.925,0.925,0.925
Layer=151004424

[ENTRY]
ID=151039221
Asset=Manipulator#Manipulator-PathNode
Name=9
Pos=66731.9,1209.69,183856
Orient=0,0,0,1
Scale=0.925,0.925,0.925

