[ENTRY]
ID=151004589
Asset=Arid_Clutter?d=0.9&amp;s=877656&amp;sz=800
Name=9
Pos=66575.7,1254.24,183638
Orient=0,0,0,1
Scale=1,1,1
Flags=1

[ENTRY]
ID=151007093
Asset=Prop-Acacia_Tree#Prop-Acacia_Tree4
Name=9
Pos=66322.9,1203.57,183034
Orient=0,-0.0948572,0,0.995491
Scale=1.575,1.575,1.575
Flags=1

[ENTRY]
ID=151032599
Asset=Manipulator-SpawnPoint
Name=9
Pos=66424.4,1188.14,183194
Orient=0,0,0,1
Scale=1,1,1
Layer=151002925

[ENTRY]
ID=151039223
Asset=Manipulator-PathNode
Name=9
Pos=66615.2,1209.69,183614
Orient=0,0,0,1
Scale=0.925,0.925,0.925

