[ENTRY]
ID=151043305
Asset=Manipulator-SpawnPoint
Name=9
Pos=66714,252.785,143264
Orient=0,0.203567,0,0.979061
Scale=1,1,1
Layer=151005128

[ENTRY]
ID=151058296
Asset=Prop-Stump3
Name=9
Pos=66428.1,378.234,143546
Orient=0,0.792563,0,0.609791
Scale=2.475,2.475,2.475

[ENTRY]
ID=151058321
Asset=Prop-Stump3
Name=9
Pos=66717.8,346.088,143676
Orient=0,0.696135,0,0.717911
Scale=1.85,1.85,1.85

