[ENTRY]
ID=151050148
Asset=Manipulator-SpawnPoint
Name=9
Pos=66590,177.768,150780
Orient=0,-0.935616,0,0.353019
Scale=1,1,1
Layer=151008495

[ENTRY]
ID=151050149
Asset=Manipulator#Manipulator-PathNode
Name=9
Pos=66406,251.724,151002
Orient=0,0,0,1
Scale=1,1,1

[ENTRY]
ID=151050150
Asset=Manipulator-PathNode
Name=9
Pos=66346.5,247.929,150950
Orient=0,0,0,1
Scale=0.975,0.975,0.975

[ENTRY]
ID=151050151
Asset=Manipulator-SpawnPoint
Name=9
Pos=66061.5,234.066,151077
Orient=0,0,0,1
Scale=1,1,1
Layer=151008496

