[ENTRY]
ID=151054911
Asset=Par-Waves-1-Emitter
Name=9
Pos=66140.3,65.3643,148824
Orient=0,0.999625,0,-0.0273886
Scale=3,3,3
Flags=1

