[ENTRY]
ID=151046037
Asset=CL-Fence-Stone_Long_Blue2#CL-Fence-Stone_Long_Blue2
Name=9
Pos=66069,436.675,38707
Orient=0,0.0998334,0,0.995004
Scale=1,1,1
Flags=1

[ENTRY]
ID=151046038
Asset=CL-Fence-Stone_Long_Blue1#CL-Fence-Stone_Long_Blue1
Name=9
Pos=66093,428.32,38814.3
Orient=0,0.0998334,0,0.995004
Scale=1,1,1
Flags=1

[ENTRY]
ID=151060394
Asset=Manipulator-SpawnPoint
Name=9
Pos=66587.1,456.862,38311.2
Orient=0,0,0,1
Scale=1,1,1
Layer=151012209

