[ENTRY]
ID=151004616
Asset=Arid_Clutter?d=0.9&amp;s=856723&amp;sz=800
Name=9
Pos=66394.5,1361.4,175879
Orient=0,-0.252245,0,0.967663
Scale=1.875,1.875,1.875
Flags=1

