[ENTRY]
ID=151022018
Asset=Manipulator-SpawnPoint
Name=9
Pos=66429,239.994,160820
Orient=0,0,0,1
Scale=1,1,1
Layer=150999794

[ENTRY]
ID=151022020
Asset=Manipulator-SpawnPoint
Name=9
Pos=66002.9,189.714,160857
Orient=0,0,0,1
Scale=1,1,1
Layer=150999796

[ENTRY]
ID=151022869
Asset=CL-Rotted_Flora1#CL-Rotted_Flora1
Name=9
Pos=66601.3,192.637,161137
Orient=0,-0.479425,0,0.877583
Scale=2.5,2.5,2.5
Flags=1

