[ENTRY]
ID=151021991
Asset=Manipulator-SpawnPoint
Name=9
Pos=66276.8,222.271,157688
Orient=0,0,0,1
Scale=1,1,1
Layer=150999779

[ENTRY]
ID=151021998
Asset=Manipulator-SpawnPoint
Name=9
Pos=66520.8,175.276,158148
Orient=0,0,0,1
Scale=1,1,1
Layer=150999784

[ENTRY]
ID=151023151
Asset=Forest?d=0.9&amp;s=156452&amp;sz=900
Name=9
Pos=66743.4,184.784,158233
Orient=0,-0.993868,0,0.11057
Scale=1.275,1.275,1.275
Flags=1

