[ENTRY]
ID=150998503
Asset=CL-Roadside2
Name=9
Pos=66871,212.365,127079
Orient=0,-0.539632,0,0.841901
Scale=1,1,1
Flags=1

[ENTRY]
ID=151047209
Asset=Manipulator-SpawnPoint
Name=9
Pos=67489.7,241.805,127009
Orient=0,0,0,1
Scale=1,1,1
Layer=151006926

[ENTRY]
ID=151047278
Asset=Manipulator-SpawnPoint
Name=9
Pos=67425.8,165.106,126760
Orient=0,0,0,1
Scale=1,1,1
Layer=151006948

