[ENTRY]
ID=151046039
Asset=CL-Fence-Stone_Blue4#CL-Fence-Stone_Blue4
Name=9
Pos=67009.1,425.569,38390.2
Orient=-0.034818,0.0997723,0.00349346,0.994395
Scale=1,1,1
Flags=1

[ENTRY]
ID=151046040
Asset=CL-Fence-Stone_Blue4
Name=9
Pos=67151.3,421.741,38333.6
Orient=-0.0610617,0.551035,-0.0185786,-0.832038
Scale=1,1,1

