[ENTRY]
ID=151001210
Asset=Sick-Rotted_Forest?d=0.9&amp;s=34897&amp;sz=800
Name=9
Pos=67145.7,131.548,160946
Orient=0,-0.972328,0,0.233618
Scale=0.475,0.475,0.475
Flags=1

[ENTRY]
ID=151021980
Asset=Manipulator-SpawnPoint
Name=9
Pos=66857.8,227.233,160578
Orient=0,0,0,1
Scale=1,1,1
Layer=150999768

[ENTRY]
ID=151022021
Asset=Manipulator-SpawnPoint
Name=9
Pos=66803.9,201.486,160857
Orient=0,0,0,1
Scale=1,1,1
Layer=150999797

