[ENTRY]
ID=151023093
Asset=Forest?d=0.9&amp;s=156452&amp;sz=900
Name=9
Pos=67152.8,285.679,157302
Orient=0,-0.846831,0,0.531862
Scale=1.35,1.35,1.35
Flags=1

