[ENTRY]
ID=151023099
Asset=Sick-Rotted_Forest?d=0.9&amp;s=871817&amp;sz=800
Name=9
Pos=68223.1,214.534,157325
Orient=0,0.920751,0,0.390152
Scale=0.6,0.6,0.6
Flags=1

