[ENTRY]
ID=151047593
Asset=Manipulator-SpawnPoint
Name=9
Pos=67640.8,184.969,122127
Orient=0,-0.119712,0,0.992809
Scale=1,1,1
Layer=151007153

[ENTRY]
ID=151052046
Asset=Manipulator-SpawnPoint
Name=9
Pos=68119.6,75.5274,122107
Orient=0,0,0,1
Scale=1,1,1
Layer=151009327

[ENTRY]
ID=151054422
Asset=Effects#Par-Waves-1-Emitter
Name=9
Pos=68002.3,81.9929,121532
Orient=0,0.659385,0,0.751806
Scale=2,2,2
Flags=1

