[ENTRY]
ID=151054426
Asset=Effects#Par-Waves-1-Emitter
Name=9
Pos=67720.3,93.1159,123202
Orient=0,0,0,1
Scale=1,1,1
Flags=1

[ENTRY]
ID=151054428
Asset=Effects#Par-Waves-1-Emitter
Name=9
Pos=67553.5,87.9774,123345
Orient=0,-0.619737,0,-0.78481
Scale=1,1,1
Flags=1

