[ENTRY]
ID=151047181
Asset=Manipulator-SpawnPoint
Name=9
Pos=67543.1,333.49,131076
Orient=0,0,0,1
Scale=1,1,1
Layer=151006900

[ENTRY]
ID=151047183
Asset=Manipulator-SpawnPoint
Name=9
Pos=67838.6,355.51,130757
Orient=0,0,0,1
Scale=1,1,1
Layer=151006902

[ENTRY]
ID=151047184
Asset=Manipulator-SpawnPoint
Name=9
Pos=67766.5,378.514,130580
Orient=0,0.798621,0,0.601835
Scale=1,1,1
Layer=151006903

