[ENTRY]
ID=151014551
Asset=CL-Crystal1
Name=9
Pos=67580.6,1305.87,180558
Orient=0,0,0,1
Scale=1,1,1

[ENTRY]
ID=151014552
Asset=CL-Crystal4
Name=9
Pos=67514.3,1321.78,180376
Orient=-0.0256779,0.0259443,0.228337,0.972898
Scale=2.075,2.075,2.075

[ENTRY]
ID=151017475
Asset=Manipulator-SpawnPoint
Name=9
Pos=68239,1329.52,180107
Orient=0,0,0,1
Scale=1,1,1
Layer=150998920

[ENTRY]
ID=151037013
Asset=Manipulator-SpawnPoint
Name=9
Pos=68239.5,1344.91,180687
Orient=0,0,0,1
Scale=0.775,0.775,0.775
Layer=151003902

