[ENTRY]
ID=151023100
Asset=Forest?d=0.9&amp;s=156452&amp;sz=900
Name=9
Pos=67903.9,295.844,156735
Orient=0,-0.777071,0,0.629413
Scale=1.35,1.35,1.35
Flags=1

