[ENTRY]
ID=151038792
Asset=Prop-Hide_Tent1#Prop-Hide_Tent1
Name=9
Pos=67827.1,1374.46,184731
Orient=0,0.854714,0,0.519099
Scale=1.85,1.85,1.85
Flags=1

[ENTRY]
ID=151038793
Asset=Prop-Bedroll
Name=9
Pos=67828.7,1374.55,184724
Orient=0,0.104807,0,0.994493
Scale=1.8,1.8,1.8
Flags=1

[ENTRY]
ID=151038794
Asset=Prop-Campfire
Name=9
Pos=67884.4,1370.75,184801
Orient=0,0,0,1
Scale=2.425,2.425,2.425
Flags=1

[ENTRY]
ID=151038795
Asset=CL-Junk2
Name=9
Pos=67892.1,1374.56,184729
Orient=0,0,0,1
Scale=1.25,1.25,1.25
Flags=1

