[ENTRY]
ID=151053679
Asset=Effects#Par-Waves-1-Emitter
Name=9
Pos=67552.8,105.944,135454
Orient=-0.00418012,0.836015,0.00274344,0.548683
Scale=1,1,1

[ENTRY]
ID=151053687
Asset=Par-Waves-1-Emitter
Name=9
Pos=68033.6,105.944,135653
Orient=-0.00499474,0.998939,0.000228907,0.0457802
Scale=1,1,1

