[ENTRY]
ID=151032521
Asset=Manipulator-SpawnPoint
Name=9
Pos=68052.4,1386.47,189717
Orient=0,0,0,1
Scale=1,1,1
Layer=151002896

[ENTRY]
ID=151032522
Asset=Manipulator-SpawnPoint
Name=9
Pos=67902.9,1343.69,189335
Orient=0,0.0749297,0,0.997189
Scale=1,1,1
Layer=151002897

[ENTRY]
ID=151032523
Asset=Manipulator-SpawnPoint
Name=9
Pos=67581,1221.52,189123
Orient=0,0,0,1
Scale=1,1,1
Layer=151002898

