[ENTRY]
ID=150998705
Asset=Prop-Henge-SarsenStone#Prop-Henge-BlueStone
Name=9
Pos=67643.7,154.835,137733
Orient=0,-0.564642,0,0.825336
Scale=1.5,1.5,1.5

[ENTRY]
ID=150998706
Asset=Prop-Henge-SarsenStone#Prop-Henge-BlueStone
Name=9
Pos=67673.3,156.078,137648
Orient=-0.252245,0,0,0.967663
Scale=1.4,1.4,1.4

[ENTRY]
ID=151044990
Asset=Manipulator-SpawnPoint
Name=9
Pos=67747.8,199.085,137315
Orient=0,0,0,1
Scale=1,1,1
Layer=151005760

[ENTRY]
ID=151058329
Asset=CL-Hills_Tree2
Name=9
Pos=67606,195.904,137444
Orient=0,0.923998,0,-0.382398
Scale=1.5,1.5,1.5

