[ENTRY]
ID=151032539
Asset=Manipulator-SpawnPoint
Name=9
Pos=68140.9,1270.39,187319
Orient=0,0.0699428,0,0.997551
Scale=1,1,1
Layer=151002911

