[ENTRY]
ID=151047592
Asset=Manipulator-SpawnPoint
Name=9
Pos=67561.4,155.229,120631
Orient=0,0,0,1
Scale=1,1,1
Layer=151007152

[ENTRY]
ID=151054420
Asset=Par-Waves-1-Emitter
Name=9
Pos=67504.2,62.6017,120084
Orient=0,0.993303,0,0.115538
Scale=2,2,2
Flags=1

[ENTRY]
ID=151054421
Asset=Effects#Par-Waves-1-Emitter
Name=9
Pos=68047.7,69.8307,120581
Orient=0,0.822049,0,0.569417
Scale=1.5,1.5,1.5
Flags=1

