[ENTRY]
ID=151042536
Asset=Manipulator-SpawnPoint
Name=9
Pos=67556.3,115.913,139971
Orient=0,0,0,1
Scale=1,1,1
Layer=151004861

[ENTRY]
ID=151042617
Asset=Manipulator-PathNode
Name=9
Pos=67505.7,113.395,139941
Orient=0,0,0,1
Scale=1,1,1

[ENTRY]
ID=151042727
Asset=Manipulator-SpawnPoint
Name=9
Pos=67556.1,120.138,140013
Orient=0,-0.993868,0,0.11057
Scale=1,1,1
Layer=151004939

[ENTRY]
ID=151055158
Asset=Prop-Forest_Tree5
Name=9
Pos=67886.8,203.653,139535
Orient=0,0,0,1
Scale=0.425,0.425,0.425

