[ENTRY]
ID=151013124
Asset=Manipulator-SpawnPoint
Name=9
Pos=67912.3,173.626,155091
Orient=0,0,0,1
Scale=1,1,1
Layer=150997816

[ENTRY]
ID=151019926
Asset=Manipulator-SpawnPoint
Name=9
Pos=68130.4,198.325,155141
Orient=0,0,0,1
Scale=1,1,1
Layer=150999210

[ENTRY]
ID=151019950
Asset=Manipulator-SpawnPoint
Name=9
Pos=68013.9,173.974,154975
Orient=0,0.483807,0,0.875175
Scale=1,1,1
Layer=150999215

