[ENTRY]
ID=150999447
Asset=Bldg-Bremen_Straight?ATS=ATS-Bremen
Name=9
Pos=67638,673.819,35629
Orient=0,-0.688921,0,0.724836
Scale=1,1,1
Flags=1

[ENTRY]
ID=151000247
Asset=Prop-Lamp_Post2
Name=9
Pos=67650.2,666.456,35311.5
Orient=0,0,0,1
Scale=1.5,1.5,1.5
Flags=1

[ENTRY]
ID=151000638
Asset=CL-Bremen_Arch3#CL-Bremen_Arch3
Name=9
Pos=67620.2,665.17,35283.4
Orient=0,0.183947,0,0.982936
Scale=1,1,1
Flags=1

