[ENTRY]
ID=151006873
Asset=Prop-Boulder#Prop-Boulder8
Name=9
Pos=68935,205,157380
Orient=0,0,0,1
Scale=1.55,1.55,1.55
Flags=1

[ENTRY]
ID=151006874
Asset=Sick-Rotted_Forest?d=0.9&amp;s=871816&amp;sz=800
Name=9
Pos=68615,220.72,157455
Orient=0,-0.366273,0,0.930508
Scale=0.725,0.725,0.725
Flags=1

[ENTRY]
ID=151022713
Asset=Prop-Root1
Name=9
Pos=68937.2,191.159,157448
Orient=0,-0.334988,0,-0.942222
Scale=10,10,10
Flags=1

