[ENTRY]
ID=151050049
Asset=Manipulator-SpawnPoint
Name=9
Pos=68501.1,252.367,150784
Orient=0,0,0,1
Scale=1,1,1
Layer=151008429

[ENTRY]
ID=151050054
Asset=Manipulator-SpawnPoint
Name=9
Pos=68403.3,240.323,150785
Orient=0,0,0,1
Scale=1,1,1
Layer=151008429

[ENTRY]
ID=151050111
Asset=Manipulator-SpawnPoint
Name=9
Pos=68878,219.197,151147
Orient=0,0,0,1
Scale=1,1,1
Layer=151008466

[ENTRY]
ID=151050279
Asset=Manipulator-SpawnPoint
Name=9
Pos=68500.5,371.779,151094
Orient=0,0.237703,0,0.971338
Scale=1,1,1
Layer=151008550

