[ENTRY]
ID=151014270
Asset=Manipulator-SpawnPoint
Name=9
Pos=68264.4,218.979,164257
Orient=0,-0.980893,0,0.194548
Scale=1,1,1
Layer=150998216

[ENTRY]
ID=151022239
Asset=Manipulator-SpawnPoint
Name=9
Pos=68528.6,256.03,164520
Orient=0,0,0,1
Scale=1,1,1
Layer=150999909

