[ENTRY]
ID=151019915
Asset=Manipulator-SpawnPoint
Name=9
Pos=68761.1,154.554,154827
Orient=0,0,0,1
Scale=1,1,1
Layer=150999208

[ENTRY]
ID=151019953
Asset=Manipulator-SpawnPoint
Name=9
Pos=68366.7,136.705,154780
Orient=0,0.713864,0,0.700285
Scale=1,1,1
Layer=150999217

