[ENTRY]
ID=151060376
Asset=Manipulator-SpawnPoint
Name=9
Pos=68496,496.376,39183.1
Orient=0,0.807558,0,0.589788
Scale=1,1,1
Layer=151012199

