[ENTRY]
ID=151029539
Asset=Prop-Snowy_Pine_Tree#Prop-Snowy_Pine_Tree6
Name=9
Pos=68576,530.006,63800
Orient=-0.0266274,-0.24109,0.1065,0.964274
Scale=3.625,3.625,3.625
Flags=1

[ENTRY]
ID=151029543
Asset=Prop-Snowy_Pine_Tree#Prop-Snowy_Pine_Tree7
Name=9
Pos=68586,531.723,63750
Orient=0,0,-0.0299955,0.99955
Scale=3.075,3.075,3.075
Flags=1

