[ENTRY]
ID=151019796
Asset=Prop-Warpig_Tower
Name=9
Pos=68398,532.746,46393
Orient=0,0,0,1
Scale=1.6,1.6,1.6
Flags=1

[ENTRY]
ID=151019797
Asset=Warpig_Walls#Prop-Warpig_Wall1
Name=9
Pos=68488,530.755,46376
Orient=0,0,0,1
Scale=1,1,1
Flags=1

[ENTRY]
ID=151019863
Asset=Prop-Anubian_Palisade
Name=9
Pos=68395.3,511.035,46355.3
Orient=-0.204042,0.147274,0.0112358,0.967756
Scale=1.45,1.45,1.45
Flags=1

