[ENTRY]
ID=151022687
Asset=Prop-Giant_Mushroom-Rotted2
Name=9
Pos=68672.5,201.408,158091
Orient=0,0,0,1
Scale=2.7,2.7,2.7
Flags=1

[ENTRY]
ID=151022698
Asset=Prop-Mushroom_Glowpod2
Name=9
Pos=68641.6,215.452,157644
Orient=-0.0610423,-0.486981,-0.0341445,0.870607
Scale=2.275,2.275,2.275
Flags=1

[ENTRY]
ID=151022699
Asset=Prop-Mushroom_Glowpod1
Name=9
Pos=68648.8,215.128,157637
Orient=-0.0952074,0.700394,-0.0951316,0.700952
Scale=1.55,1.55,1.55
Flags=1

[ENTRY]
ID=151022700
Asset=Prop-Mushroom_Glowpod2
Name=9
Pos=68640,215.076,157633
Orient=0,0.252246,0,0.967663
Scale=1.225,1.225,1.225
Flags=1

