[ENTRY]
ID=151053683
Asset=Par-Waves-1-Emitter
Name=9
Pos=68509.7,105.944,135725
Orient=-0.00494323,0.988639,0.000751129,0.150224
Scale=1,1,1

[ENTRY]
ID=151053684
Asset=Par-Waves-1-Emitter
Name=9
Pos=68702.2,105.944,135701
Orient=-0.00491539,0.98307,-0.000915808,-0.183161
Scale=1,1,1

[ENTRY]
ID=151053685
Asset=Par-Waves-1-Emitter
Name=9
Pos=68351.4,105.944,135676
Orient=-0.00499474,0.998939,0.000228907,0.0457802
Scale=1,1,1

[ENTRY]
ID=151053686
Asset=Par-Waves-1-Emitter
Name=9
Pos=68908.9,105.944,135629
Orient=-0.00494323,0.988639,0.000751129,0.150224
Scale=1,1,1

