[ENTRY]
ID=151032545
Asset=Manipulator-SpawnPoint
Name=9
Pos=68657.8,1229.94,186986
Orient=0,0,0,1
Scale=1,1,1
Layer=151002914

[ENTRY]
ID=151034289
Asset=Prop-Acacia_Tree#Prop-Acacia_Tree5
Name=9
Pos=68403.3,1370.64,187339
Orient=-0.00885367,0.96687,0.0338542,0.25286
Scale=1.6,1.6,1.6
Flags=1

[ENTRY]
ID=151034290
Asset=Prop-Acacia_Tree#Prop-Acacia_Tree6
Name=9
Pos=68375.4,1335.41,187068
Orient=-0.00885367,0.96687,0.0338542,0.25286
Scale=0.875,0.875,0.875
Flags=1

