[ENTRY]
ID=151054983
Asset=Bldg-Camelot8?ATS=ATS-Castle
Name=9
Pos=68501.6,301.37,139679
Orient=0,-0.999816,0,-0.019202
Scale=1.45,1.45,1.45

[ENTRY]
ID=151054984
Asset=CL-Hills_Tree6
Name=9
Pos=68758.2,318.239,139643
Orient=0,0.983986,0,-0.178246
Scale=0.65,0.65,0.65

