[ENTRY]
ID=151055208
Asset=Manipulator-SpawnPoint
Name=9
Pos=68648,534.218,38760
Orient=0,0.986287,0,0.165037
Scale=1,1,1
Layer=151010472

[ENTRY]
ID=151059521
Asset=Prop-Instance_Entrance
Name=9
Pos=68674.1,563.578,38730.8
Orient=0,-0.13459,0,0.990901
Scale=1.15,1.15,1.15

[ENTRY]
ID=151059522
Asset=Light-Medium?COLOR=33FFFF
Name=9
Pos=68665.9,565.264,38730.5
Orient=0,0,0,1
Scale=1,1,1

