[ENTRY]
ID=151013233
Asset=Manipulator-SpawnPoint
Name=9
Pos=68983,155.083,155318
Orient=0,0,0,1
Scale=1,1,1
Layer=150997876

[ENTRY]
ID=151019948
Asset=Manipulator-SpawnPoint
Name=9
Pos=68584,175.151,155449
Orient=0,-0.955101,0,0.296281
Scale=1,1,1
Layer=150999215

[ENTRY]
ID=151023102
Asset=Forest?d=0.9&amp;s=156452&amp;sz=900
Name=9
Pos=68761.4,170.141,155538
Orient=0,0.496881,0,0.867819
Scale=1.35,1.35,1.35
Flags=1

