[ENTRY]
ID=151039177
Asset=Manipulator-SpawnPoint
Name=9
Pos=69658.2,1308.4,182036
Orient=0,-0.955101,0,0.296281
Scale=1,1,1
Layer=151004402

[ENTRY]
ID=151039178
Asset=Manipulator#Manipulator-PathNode
Name=9
Pos=69442.8,1304.93,182116
Orient=0,0,0,1
Scale=1,1,1

[ENTRY]
ID=151039179
Asset=Manipulator-PathNode
Name=9
Pos=69296.9,1306.22,182101
Orient=0,0,0,1
Scale=1,1,1

