[ENTRY]
ID=151001176
Asset=Forest?d=0.9&amp;s=662323&amp;sz=800
Name=9
Pos=69278.2,-96.057,162514
Orient=0,-0.677971,0,0.735088
Scale=1.25,1.25,1.25
Flags=1

[ENTRY]
ID=151022210
Asset=Manipulator-SpawnPoint
Name=9
Pos=69580.4,269.001,162524
Orient=0,0,0,1
Scale=1,1,1
Layer=150999899

