[ENTRY]
ID=150997882
Asset=CL-Rock-Clutter#CL-Rock-Clutter
Name=9
Pos=69124.9,183.691,131631
Orient=0,0.509841,0,0.860269
Scale=1,1,1
Flags=1

[ENTRY]
ID=150997924
Asset=CL-Rock-Clutter#CL-Rock-Clutter
Name=9
Pos=69227.4,173.478,131551
Orient=0,-0.961275,0,-0.27559
Scale=1,1,1
Flags=1

[ENTRY]
ID=150998123
Asset=CL-Hills_Tree7#CL-Hills_Tree7
Name=9
Pos=69525.3,183.189,131421
Orient=0,0.174108,0,0.984727
Scale=1.25,1.25,1.25
Flags=1

[ENTRY]
ID=151047294
Asset=Manipulator-SpawnPoint
Name=9
Pos=69686.6,240.884,131270
Orient=0,0,0,1
Scale=1,1,1
Flags=1
Layer=151006950

