[ENTRY]
ID=151019338
Asset=CL-SnowyPine1#CL-SnowyPine1
Name=9
Pos=69720,971.507,64319
Orient=-0.000426029,-0.999449,0.0299925,-0.0141967
Scale=4.55,4.55,4.55
Flags=1

[ENTRY]
ID=151027404
Asset=Prop-Goliath_Mound_Ice#Prop-Goliath_Mound_Ice1
Name=9
Pos=69160,399.02,64126
Orient=0,-0.928369,0,0.37166
Scale=2.25,2.25,2.25
Flags=1

