[ENTRY]
ID=151060285
Asset=Manipulator-SpawnPoint
Name=9
Pos=69531,615.142,33767.7
Orient=0,0,0,1
Scale=1,1,1
Layer=151012172

[ENTRY]
ID=151060289
Asset=Manipulator-SpawnPoint
Name=9
Pos=69058,625.864,33914
Orient=0,-0.994043,0,-0.108987
Scale=1,1,1
Layer=151012173

[ENTRY]
ID=151060409
Asset=Manipulator-PathNode
Name=9
Pos=69550,619.915,34215
Orient=0,0,0,1
Scale=1,1,1

[ENTRY]
ID=151060410
Asset=Manipulator-PathNode
Name=9
Pos=69325,607.59,33955
Orient=0,0,0,1
Scale=1,1,1

