[ENTRY]
ID=151046045
Asset=CL-Fence-Stone_Long_Blue2#CL-Fence-Stone_Long_Blue2
Name=9
Pos=69171,434.89,38005
Orient=0,-0.0399893,0,0.9992
Scale=1,1,1
Flags=1

[ENTRY]
ID=151046047
Asset=CL-Fence-Stone_Blue3#CL-Fence-Stone_Blue3
Name=9
Pos=69018,439.231,38069.5
Orient=0,0.992713,0,0.120503
Scale=1,1,1
Flags=1

[ENTRY]
ID=151056356
Asset=Manipulator-SpawnPoint
Name=9
Pos=69469,306.018,37504
Orient=0,0,0,1
Scale=1,1,1
Layer=151011027

