[ENTRY]
ID=151040062
Asset=CL-SnowyPine1
Name=9
Pos=69689,1885.65,30101
Orient=0,-0.129634,0,0.991562
Scale=2.875,2.875,2.875
Flags=1

[ENTRY]
ID=151040065
Asset=CL-SnowyPine1
Name=9
Pos=69528,1462.98,30273
Orient=0,-0.452886,0,0.891568
Scale=3.5,3.5,3.5
Flags=1

