[ENTRY]
ID=151013431
Asset=CL-Rotted_Thicket2#CL-Rotted_Thicket2
Name=9
Pos=69719.1,220.961,155948
Orient=0,0.982154,0,-0.188077
Scale=2.95,2.95,2.95
Flags=1

[ENTRY]
ID=151019906
Asset=Manipulator-SpawnPoint
Name=9
Pos=69513.8,208.925,155306
Orient=0,0,0,1
Scale=1,1,1
Layer=150999205

[ENTRY]
ID=151022682
Asset=CL-Sick-Rotted_Forest4#CL-Sick-Rotted_Forest4
Name=9
Pos=69675.6,232.065,155885
Orient=0,0.795602,0,0.60582
Scale=1.1,1.1,1.1
Flags=1

