[ENTRY]
ID=151013588
Asset=Sick-Rotted_Forest?d=0.9&amp;s=8436&amp;sz=800
Name=9
Pos=69372,129.841,161383
Orient=0,-0.470626,0,0.882333
Scale=1.35,1.35,1.35
Flags=1

[ENTRY]
ID=151022860
Asset=CL-Rotted_Flora7
Name=9
Pos=69132.2,187.112,161359
Orient=-0.0178961,-0.176485,0.103268,-0.978708
Scale=2.525,2.525,2.525
Flags=1

