[ENTRY]
ID=150999207
Asset=CL-Rock-Clutter#CL-Rock-Clutter
Name=9
Pos=69451.8,186.941,151604
Orient=0,0.059964,0,0.998201
Scale=1,1,1

[ENTRY]
ID=151050276
Asset=Manipulator-SpawnPoint
Name=9
Pos=69408,192.315,151687
Orient=0,0,0,1
Scale=1,1,1
Layer=151008547

[ENTRY]
ID=151050277
Asset=Manipulator-SpawnPoint
Name=9
Pos=69531.5,223.002,152017
Orient=0,0,0,1
Scale=1,1,1
Layer=151008548

