[ENTRY]
ID=150996960
Asset=CL-Plains_Bush2#CL-Plains_Bush2
Name=9
Pos=69046.1,248.611,126643
Orient=0,-0.601199,0,0.7991
Scale=1,1,1
Flags=1

[ENTRY]
ID=151047257
Asset=Manipulator-SpawnPoint
Name=9
Pos=69065.9,246.846,126547
Orient=0,0,0,1
Scale=1,1,1
Layer=151006945

[ENTRY]
ID=151054436
Asset=Par-Waves-1-Emitter
Name=9
Pos=69744.1,84.4896,126058
Orient=0,0.699716,0,0.714421
Scale=1,1,1
Flags=1

