[ENTRY]
ID=151018169
Asset=Prop-Pine-Sick_Tree1
Name=9
Pos=69457,1186.58,54417
Orient=-0.03494,0.00192364,0.0549386,0.997876
Scale=3.6,3.6,3.6
Flags=1

[ENTRY]
ID=151018171
Asset=Prop-Burnt_Pines#Prop-Burnt_Pine1
Name=9
Pos=69638,1202.63,54617
Orient=0.0550145,0.617198,-0.0196126,0.784637
Scale=2.575,2.575,2.575
Flags=1

