[ENTRY]
ID=151035119
Asset=Arid_Clutter?d=0.9&amp;s=87817&amp;sz=1200
Name=9
Pos=69162,1331.19,185488
Orient=0,0.375559,0,0.926799
Scale=1,1,1

[ENTRY]
ID=151039577
Asset=Manipulator-SpawnPoint
Name=9
Pos=69485,1302.13,185420
Orient=0,0,0,1
Scale=1,1,1
Layer=151004521

[ENTRY]
ID=151039578
Asset=Manipulator-SpawnPoint
Name=9
Pos=69310,1302.13,185650
Orient=0,0,0,1
Scale=1,1,1
Layer=151004522

[ENTRY]
ID=151039579
Asset=Manipulator#Manipulator-PathNode
Name=9
Pos=69425,1302.13,185530
Orient=0,0,0,1
Scale=0.95,0.95,0.95

