[ENTRY]
ID=151017726
Asset=CL-Sick-Pine2#CL-Sick-Pine2
Name=9
Pos=69373.5,820.135,60051.8
Orient=0,0.505534,0,0.862807
Scale=3.6,3.6,3.6
Flags=1

[ENTRY]
ID=151017984
Asset=CL-Sick-Pine2#CL-Sick-Pine2
Name=9
Pos=69440.3,776.982,60702.5
Orient=0,0,0,1
Scale=3.075,3.075,3.075
Flags=1

