[ENTRY]
ID=151032838
Asset=Prop-Desert_Accent2
Name=9
Pos=69112.2,2428.38,206563
Orient=0,0.509841,0,0.860269
Scale=0.4,0.4,0.4

