[ENTRY]
ID=151047216
Asset=Manipulator-SpawnPoint
Name=9
Pos=69000.4,188.624,124814
Orient=0,0,0,1
Scale=1,1,1
Layer=151006933

[ENTRY]
ID=151054434
Asset=Effects#Par-Waves-1-Emitter
Name=9
Pos=69648.6,84.4896,124880
Orient=0,0.747971,0,0.663731
Scale=1,1,1
Flags=1

