[ENTRY]
ID=151006875
Asset=Sick-Rotted_Forest?d=0.9&amp;s=8718236&amp;sz=800
Name=9
Pos=69175,150.871,157645
Orient=0,-0.999843,0,0.0176975
Scale=0.725,0.725,0.725
Flags=1

[ENTRY]
ID=151022714
Asset=CL-Dead-Rotted_Forest1#CL-Dead-Rotted_Forest1
Name=9
Pos=69149.8,207.541,157975
Orient=0,0.84948,0,0.52762
Scale=0.925,0.925,0.925
Flags=1

