[ENTRY]
ID=151014359
Asset=CL-Crystal6
Name=9
Pos=70183.3,1175.99,178944
Orient=-0.044083,0.886702,0.284588,0.361698
Scale=2.5,2.5,2.5

[ENTRY]
ID=151014574
Asset=CL-Crystal2
Name=9
Pos=70423.4,1170.24,178516
Orient=0.0379598,-0.0125791,-0.314316,0.948476
Scale=7.625,7.625,7.625

