[ENTRY]
ID=151017824
Asset=Arid_Clutter?d=0.9&amp;s=8717&amp;sz=800
Name=9
Pos=70459,815.03,59670
Orient=0,0,0,1
Scale=1,1,1
Flags=1

[ENTRY]
ID=151028348
Asset=Prop-Pine-Sick_Tree#Prop-Pine-Sick_Tree7
Name=9
Pos=70494,851.618,59798
Orient=-0.15225,-0.644368,-0.0467657,0.747945
Scale=8.525,8.525,8.525
Flags=1

