[ENTRY]
ID=151017985
Asset=CL-Sick-Pine3#CL-Sick-Pine3
Name=9
Pos=70192,907.265,61653.2
Orient=0.0498568,0.00349569,-0.0698554,0.996304
Scale=1.575,1.575,1.575
Flags=1

