[ENTRY]
ID=151054444
Asset=Par-Waves-1-Emitter
Name=9
Pos=70088.8,74.1826,127780
Orient=0,0.670587,0,0.741831
Scale=2.5,2.5,2.5

