[ENTRY]
ID=151040063
Asset=CL-SnowyPine3
Name=9
Pos=70281,2092.72,29888
Orient=0,-0.496879,0,0.86782
Scale=3.05,3.05,3.05
Flags=1

[ENTRY]
ID=151040067
Asset=CL-SnowyPine3
Name=9
Pos=69928,1916.27,29983
Orient=0,-0.526943,0,0.849901
Scale=2.25,2.25,2.25
Flags=1

