[ENTRY]
ID=151037459
Asset=CL-Crystal4
Name=9
Pos=70411.4,1220.53,177125
Orient=0.0678471,-0.111468,0.11739,0.984475
Scale=4.75,4.75,4.75

[ENTRY]
ID=151054364
Asset=Effects#Par-Waves-1-Emitter
Name=9
Pos=69771.7,1252.74,177450
Orient=0,0.688923,0,0.724835
Scale=2.5,2.5,2.5
Flags=1

[ENTRY]
ID=151054369
Asset=Par-Waves-1-Emitter
Name=9
Pos=70141.1,1251.71,177111
Orient=0,-0.290955,0,-0.956737
Scale=2,2,2
Flags=1

