[ENTRY]
ID=151001128
Asset=Sick-Rotted_Forest?d=0.9&amp;s=8436&amp;sz=800
Name=9
Pos=70256,139.288,160864
Orient=0,-0.29074,0,0.956802
Scale=1.325,1.325,1.325
Flags=1

[ENTRY]
ID=151006137
Asset=Forest?d=0.9&amp;s=232663&amp;sz=800
Name=9
Pos=70436.4,-53.0186,161149
Orient=0,-0.524044,0,-0.851691
Scale=1,1,1
Flags=1

[ENTRY]
ID=151022044
Asset=Manipulator-SpawnPoint
Name=9
Pos=70348.6,266.816,160803
Orient=0,0,0,1
Scale=1,1,1
Layer=150999820

