[ENTRY]
ID=151006115
Asset=Sick-Rotted_Forest?d=0.9&amp;s=8436&amp;sz=800
Name=9
Pos=69785.6,61.6221,159558
Orient=0,-0.29074,0,0.956802
Scale=1,1,1
Flags=1

[ENTRY]
ID=151022733
Asset=Mushrooms_Rotted?d=0.9&amp;s=871817&amp;sz=800
Name=9
Pos=70016.2,211.474,159263
Orient=0,-0.15438,0,0.988012
Scale=1.65,1.65,1.65
Flags=1

