[ENTRY]
ID=151018910
Asset=Prop-Goliath_Mound_Ice#Prop-Goliath_Mound_Ice2
Name=9
Pos=70422,941.018,63485
Orient=0,0,0,1
Scale=1.1,1.1,1.1
Flags=1

[ENTRY]
ID=151058254
Asset=CL-SnowyPine1
Name=9
Pos=69920,941.732,63570
Orient=0.0229419,-0.621954,0.0193237,-0.782479
Scale=4.55,4.55,4.55
Flags=1

