[ENTRY]
ID=151052036
Asset=Manipulator-SpawnPoint
Name=9
Pos=70046.1,101.113,125888
Orient=0,0.971148,0,0.238476
Scale=1,1,1
Layer=151009325

