[ENTRY]
ID=151017801
Asset=CL-Sick-Pine3#CL-Sick-Pine3
Name=9
Pos=69884,1140.61,57211
Orient=0.0449848,0,0,0.998988
Scale=1.5,1.5,1.5
Flags=1

[ENTRY]
ID=151030738
Asset=Manipulator-SpawnPoint
Name=9
Pos=70203,1136.61,57247
Orient=0,0,0,1
Scale=1,1,1
Layer=151001984

[ENTRY]
ID=151031017
Asset=Manipulator-SpawnPoint
Name=9
Pos=70478,1175.53,57436
Orient=0,0,0,1
Scale=1,1,1
Layer=151002135

