[ENTRY]
ID=151014362
Asset=CL-Crystal7
Name=9
Pos=70515.9,1122.2,179891
Orient=-0.216164,-0.902852,-0.0865384,0.361445
Scale=2.75,2.75,2.75
Flags=1

