[ENTRY]
ID=151017754
Asset=CL-Sick-Pine4#CL-Sick-Pine4
Name=9
Pos=70853,790.867,61231
Orient=0,0,0,1
Scale=3.3,3.3,3.3
Flags=1

[ENTRY]
ID=151017826
Asset=Arid_Clutter?d=0.9&amp;s=875677&amp;sz=800
Name=9
Pos=71182.5,865.559,60798
Orient=0,0.319309,0,0.947651
Scale=1,1,1
Flags=1

