[ENTRY]
ID=151054870
Asset=Par-Waves-1-Emitter
Name=9
Pos=71159.2,68.3961,147075
Orient=0,0.991869,0,0.127265
Scale=2,2,2
Flags=1

[ENTRY]
ID=151054878
Asset=Par-Waves-1-Emitter
Name=9
Pos=70624,68.3961,147145
Orient=0,0.991897,0,-0.127045
Scale=1.7,1.7,1.7
Flags=1

