[ENTRY]
ID=151001117
Asset=Mushrooms_Rotted?d=0.9&amp;s=875617&amp;sz=800
Name=9
Pos=70894,220.881,159329
Orient=0,-0.963558,0,0.267498
Scale=1.925,1.925,1.925
Flags=1

[ENTRY]
ID=151006159
Asset=Forest?d=0.9&amp;s=871816&amp;sz=800
Name=9
Pos=71008.6,279.301,159708
Orient=0,-0.285952,0,0.958244
Scale=1.375,1.375,1.375
Flags=1

