[ENTRY]
ID=151056422
Asset=Manipulator-SpawnPoint
Name=9
Pos=70918.4,403.487,33628.1
Orient=0,0.119712,0,0.992809
Scale=1,1,1
Layer=151011063

