[ENTRY]
ID=151006845
Asset=Sick-Rotted_Forest?d=0.9&amp;s=871817&amp;sz=800
Name=9
Pos=70640,287.319,155860
Orient=0,0.0176979,0,0.999843
Scale=0.725,0.725,0.725
Flags=1

[ENTRY]
ID=151019877
Asset=Manipulator-SpawnPoint
Name=9
Pos=70983.8,158.157,155894
Orient=0,0,0,1
Scale=1,1,1
Flags=1
Layer=150999195

[ENTRY]
ID=151020889
Asset=Manipulator-SpawnPoint
Name=9
Pos=70736.9,110.327,155252
Orient=0,0,0,1
Scale=1,1,1
Layer=150999312

