[ENTRY]
ID=151027678
Asset=Prop-Anubian_Camp#Prop-Anubian_Palisade
Name=9
Pos=71266,1066.93,47712
Orient=-0.217729,0.212729,0.0486885,0.951299
Scale=1.575,1.575,1.575
Flags=1

[ENTRY]
ID=151040112
Asset=Prop-Anubian_Palisade
Name=9
Pos=71377,1043.21,47644
Orient=-0.22297,0.445811,-0.00780706,0.866877
Scale=1.85,1.85,1.85
Flags=1

[ENTRY]
ID=151040115
Asset=Prop-Anubian_Palisade
Name=9
Pos=71273,1088.08,47926
Orient=-0.275916,0.53475,0.0217821,0.798397
Scale=1.8,1.8,1.8
Flags=1

