[ENTRY]
ID=151006155
Asset=Forest?d=0.9&amp;s=871816&amp;sz=800
Name=9
Pos=71296.7,308.158,157497
Orient=0,-0.347591,0,0.937646
Scale=1.5,1.5,1.5
Flags=1

[ENTRY]
ID=151020883
Asset=Manipulator-SpawnPoint
Name=9
Pos=71257.4,218.996,157186
Orient=0,0,0,1
Scale=1,1,1
Layer=150999306

