[ENTRY]
ID=151037456
Asset=CL-Crystal8#CL-Crystal8
Name=9
Pos=71860.1,1250.09,177103
Orient=0.218229,0,0,0.975898
Scale=1,1,1

[ENTRY]
ID=151054372
Asset=Par-Waves-1-Emitter
Name=9
Pos=71656,1265.75,177253
Orient=0,-0.0206669,0,-0.999786
Scale=2.5,2.5,2.5
Flags=1

