[ENTRY]
ID=151040058
Asset=CL-SnowyPine5
Name=9
Pos=71261,1565.61,30444
Orient=0,0.976806,0,0.214125
Scale=3.45,3.45,3.45
Flags=1

[ENTRY]
ID=151040059
Asset=CL-SnowyPine1
Name=9
Pos=71696,1627.31,30690
Orient=0,-0.129634,0,0.991562
Scale=2.875,2.875,2.875
Flags=1

