[ENTRY]
ID=151006760
Asset=Forest?d=0.9&amp;s=871875&amp;sz=800
Name=9
Pos=71855.1,280.677,156680
Orient=0,-0.864925,0,0.501902
Scale=1.175,1.175,1.175
Flags=1

[ENTRY]
ID=151019846
Asset=Manipulator-SpawnPoint
Name=9
Pos=71452.2,268.227,156655
Orient=0,-0.0848977,0,0.99639
Scale=1,1,1
Layer=150999192

[ENTRY]
ID=151020885
Asset=Manipulator-SpawnPoint
Name=9
Pos=71790.2,256.34,156288
Orient=0,0,0,1
Scale=1,1,1
Layer=150999308

