[ENTRY]
ID=151021703
Asset=Prop-Dungeon_Chain#Prop-Dungeon_Chain2
Name=9
Pos=71516,1320.91,52741
Orient=-0.103533,-0.336285,0.284829,0.891665
Scale=2.475,2.475,2.475
Flags=1

[ENTRY]
ID=151022163
Asset=Prop-Wall_Banners#Prop-Wall_Banner5
Name=9
Pos=71581.4,1337.45,52800
Orient=0,-0.466208,0,0.884675
Scale=1.925,1.925,1.925
Flags=1

