[ENTRY]
ID=151045130
Asset=Manipulator-SpawnPoint
Name=9
Pos=71941.4,209.795,130296
Orient=0,0,0,1
Scale=1,1,1
Layer=151005857

[ENTRY]
ID=151045132
Asset=Manipulator-SpawnPoint
Name=9
Pos=71812.2,249.719,129914
Orient=0,0,0,1
Scale=1,1,1
Layer=151005859

[ENTRY]
ID=151045133
Asset=Manipulator-SpawnPoint
Name=9
Pos=71935.6,211.192,129769
Orient=0,0.492535,0,0.870293
Scale=1,1,1
Layer=151005860

[ENTRY]
ID=151045136
Asset=Manipulator-SpawnPoint
Name=9
Pos=71489.4,195.276,130155
Orient=0,0,0,1
Scale=1,1,1
Layer=151005862

