[ENTRY]
ID=151045134
Asset=Manipulator#Manipulator-PathNode
Name=9
Pos=72019.7,186.075,129455
Orient=0,0,0,1
Scale=1,1,1

[ENTRY]
ID=151045135
Asset=Manipulator-SpawnPoint
Name=9
Pos=72054,195.514,129354
Orient=0,0.597196,0,0.802096
Scale=1,1,1
Layer=151005861

[ENTRY]
ID=151054452
Asset=Effects#Par-Waves-1-Emitter
Name=9
Pos=72544.3,76.5517,129380
Orient=0,0.940806,0,0.338946
Scale=2.5,2.5,2.5
Flags=1

