[ENTRY]
ID=151007699
Asset=Prop-Campfire
Name=9
Pos=72072,422.463,39569
Orient=-0.0292394,-0.223007,-0.00669221,0.974355
Scale=3.8,3.8,3.8
Flags=1

