[ENTRY]
ID=151053720
Asset=Par-Waves-1-Emitter
Name=9
Pos=72282,60.3682,139449
Orient=0,0.824887,0,0.565298
Scale=1,1,1
Flags=1

[ENTRY]
ID=151053721
Asset=Par-Waves-1-Emitter
Name=9
Pos=72469.3,60.3682,138787
Orient=0,0.0799175,0,0.996801
Scale=1,1,1
Flags=1

[ENTRY]
ID=151053722
Asset=Par-Waves-1-Emitter
Name=9
Pos=72233.6,60.3682,138756
Orient=0,0.0799175,0,0.996801
Scale=1,1,1
Flags=1

[ENTRY]
ID=151053948
Asset=Par-Waves-1-Emitter
Name=9
Pos=72700.7,60.3682,138787
Orient=0,0.0799175,0,0.996801
Scale=1,1,1
Flags=1

