[ENTRY]
ID=151013468
Asset=CL-Rotted_Flora3#CL-Rotted_Flora3
Name=9
Pos=72110.2,233.036,158988
Orient=0,-0.894178,0,-0.447711
Scale=2,2,2
Flags=1

[ENTRY]
ID=151014312
Asset=Manipulator-SpawnPoint
Name=9
Pos=72145,207.355,158643
Orient=0,0,0,1
Scale=1,1,1
Layer=150998254

[ENTRY]
ID=151014313
Asset=Manipulator-SpawnPoint
Name=9
Pos=72568.9,177.91,158765
Orient=0,0,0,1
Scale=1,1,1
Layer=150998255

