[ENTRY]
ID=151022129
Asset=Manipulator-SpawnPoint
Name=9
Pos=72382.7,226.869,158048
Orient=0,0,0,1
Scale=1,1,1
Layer=150999862

[ENTRY]
ID=151022726
Asset=Forest?d=0.9&amp;s=871817&amp;sz=800
Name=9
Pos=72130.8,231.032,157571
Orient=0,-0.933839,0,0.357693
Scale=1.1,1.1,1.1
Flags=1

