[ENTRY]
ID=151014571
Asset=CL-Crystal4
Name=9
Pos=72101.5,1317.28,176784
Orient=0.20456,-0.0939965,0.131796,0.965375
Scale=5.275,5.275,5.275

