[ENTRY]
ID=151042691
Asset=Manipulator-SpawnPoint
Name=9
Pos=72229.2,168.45,140184
Orient=0,0,0,1
Scale=1,1,1
Layer=151004927

[ENTRY]
ID=151042711
Asset=Manipulator-PathNode
Name=9
Pos=72294.3,163.711,140193
Orient=0,0,0,1
Scale=1,1,1

[ENTRY]
ID=151042756
Asset=Manipulator-SpawnPoint
Name=9
Pos=72017.2,157.686,140121
Orient=0,0,0,1
Scale=1,1,1
Layer=151004960

[ENTRY]
ID=151053950
Asset=Par-Waves-1-Emitter
Name=9
Pos=72531.8,60.3682,139906
Orient=0,0.966186,0,0.257848
Scale=1,1,1
Flags=1

