[ENTRY]
ID=151040054
Asset=CL-SnowyPine5
Name=9
Pos=72691,1225.07,31392
Orient=0,0.976806,0,0.214125
Scale=3.45,3.45,3.45
Flags=1

[ENTRY]
ID=151040055
Asset=CL-SnowyPine3
Name=9
Pos=72177,1251.82,31267
Orient=0,-0.891207,0,0.453597
Scale=1.9,1.9,1.9
Flags=1

[ENTRY]
ID=151040056
Asset=CL-SnowyPine3
Name=9
Pos=72243,1667.25,30817
Orient=0,-0.496879,0,0.86782
Scale=3.05,3.05,3.05
Flags=1

