[ENTRY]
ID=151006143
Asset=Forest?d=0.9&amp;s=231457&amp;sz=800
Name=9
Pos=72732.5,294.488,160857
Orient=0,0.914795,0,0.403918
Scale=1.175,1.175,1.175
Flags=1

[ENTRY]
ID=151022137
Asset=Manipulator-SpawnPoint
Name=9
Pos=72265,229.259,160624
Orient=0,0,0,1
Scale=1,1,1
Layer=150999867

