[ENTRY]
ID=151006216
Asset=Forest?d=0.9&amp;s=843622&amp;sz=800
Name=9
Pos=72949.2,134.814,158694
Orient=0,-0.737931,0,0.674876
Scale=1.475,1.475,1.475
Flags=1

[ENTRY]
ID=151022091
Asset=Manipulator-SpawnPoint
Name=9
Pos=73194.7,205.39,158766
Orient=0,0,0,1
Scale=1,1,1
Layer=150999843

