[ENTRY]
ID=151050012
Asset=Manipulator-SpawnPoint
Name=9
Pos=72990.7,288.652,145734
Orient=0,0,0,1
Scale=1,1,1
Layer=151008413

[ENTRY]
ID=151050018
Asset=Manipulator-SpawnPoint
Name=9
Pos=73078.6,307.59,146085
Orient=0,-0.00999983,0,0.99995
Scale=1,1,1
Layer=151008419

