[ENTRY]
ID=151026509
Asset=Prop-Swineland-Junk_Pile1
Name=9
Pos=73090,904.917,62310
Orient=0,-0.888928,0,0.458046
Scale=1.75,1.75,1.75
Flags=1

[ENTRY]
ID=151026511
Asset=Warpig_Walls#Prop-Warpig_Tower
Name=9
Pos=72994,891.054,62330
Orient=0.0410948,0.631337,0.0503018,0.772784
Scale=2.25,2.25,2.25
Flags=1

