[ENTRY]
ID=151045103
Asset=Manipulator-SpawnPoint
Name=9
Pos=72945.8,205.496,131237
Orient=0,0,0,1
Scale=1,1,1
Layer=151005838

[ENTRY]
ID=151045115
Asset=Manipulator-SpawnPoint
Name=9
Pos=73171.7,176.699,130848
Orient=0,0,0,1
Scale=1,1,1
Layer=151005848

[ENTRY]
ID=151045116
Asset=Manipulator-SpawnPoint
Name=9
Pos=73379.8,165.27,130971
Orient=0,-0.13459,0,0.990901
Scale=1,1,1
Layer=151005849

[ENTRY]
ID=151045119
Asset=Manipulator-SpawnPoint
Name=9
Pos=72784.2,213.809,130646
Orient=0,0,0,1
Scale=1,1,1
Layer=151005851

