[ENTRY]
ID=151045118
Asset=Manipulator-SpawnPoint
Name=9
Pos=73175.8,175.37,130391
Orient=0,0,0,1
Scale=1,1,1
Layer=151005850

[ENTRY]
ID=151054457
Asset=Effects#Par-Waves-1-Emitter
Name=9
Pos=72982.2,74.8757,129761
Orient=0,-0.998628,0,-0.0523649
Scale=1,1,1
Flags=1

[ENTRY]
ID=151054459
Asset=Par-Waves-1-Emitter
Name=9
Pos=73243,74.8757,129936
Orient=0,-0.999092,0,0.0425982
Scale=1,1,1

