[ENTRY]
ID=151031611
Asset=Manipulator-SpawnPoint
Name=9
Pos=73386,168.946,164416
Orient=0,0,0,1
Scale=1,1,1
Layer=151002334

[ENTRY]
ID=151031613
Asset=Manipulator-SpawnPoint
Name=9
Pos=73045.9,218.969,164754
Orient=0,0,0,1
Scale=1,1,1
Layer=151002336

[ENTRY]
ID=151058172
Asset=Basic Desert?d=0.1&amp;s=834817&amp;sz=800
Name=9
Pos=73110.8,213.89,164728
Orient=0,0.232843,0,0.972514
Scale=1,1,1

