[ENTRY]
ID=151046062
Asset=CL-Fence-Stone_Blue5
Name=9
Pos=73338,412.886,40300
Orient=0,-0.252245,0,0.967663
Scale=1,1,1
Flags=1

[ENTRY]
ID=151046063
Asset=CL-Fence-Stone_Blue5
Name=9
Pos=73434,404.467,40217
Orient=0,-0.352274,0,0.935897
Scale=1,1,1
Flags=1

