[ENTRY]
ID=150996304
Asset=CL-Hills_Bush5#CL-Hills_Bush5
Name=9
Pos=72752.1,182.147,131825
Orient=0,0,0,1
Scale=1,1,1

[ENTRY]
ID=151045102
Asset=Manipulator-SpawnPoint
Name=9
Pos=72935.9,211.921,131678
Orient=0,0,0,1
Scale=1,1,1
Layer=151005837

[ENTRY]
ID=151054471
Asset=Effects#Par-Waves-1-Emitter
Name=9
Pos=73480.9,70.6873,131473
Orient=0,-0.686448,0,-0.727179
Scale=1.4,1.4,1.4

