[ENTRY]
ID=151014157
Asset=Manipulator-SpawnPoint
Name=9
Pos=73373.4,242.847,162514
Orient=0,0,0,1
Scale=1,1,1
Layer=150998129

[ENTRY]
ID=151022188
Asset=Manipulator-SpawnPoint
Name=9
Pos=72880.7,207.937,162387
Orient=0,0,0,1
Scale=1,1,1
Layer=150999886

[ENTRY]
ID=151023058
Asset=Forest?d=0.9&amp;s=231237&amp;sz=800
Name=9
Pos=72868.7,252.591,162504
Orient=0,-0.483806,0,0.875175
Scale=1.475,1.475,1.475
Flags=1

