[ENTRY]
ID=151023075
Asset=Prop-Bush-Large3#Prop-Bush-Large3
Name=9
Pos=72773.1,168.224,156546
Orient=0,0,0,1
Scale=5,5,5
Flags=1

[ENTRY]
ID=151023076
Asset=Prop-Bush-Large2#Prop-Bush-Large2
Name=9
Pos=73289.5,238.363,156359
Orient=0,-0.958016,0,0.286715
Scale=3.175,3.175,3.175
Flags=1

