[ENTRY]
ID=151040045
Asset=CL-SnowyPine3
Name=9
Pos=73419,1298.44,32313
Orient=0,-0.891207,0,0.453597
Scale=1.9,1.9,1.9
Flags=1

[ENTRY]
ID=151040048
Asset=CL-SnowyPine5#CL-SnowyPine5
Name=9
Pos=73430,1175.83,32723
Orient=0,0.947396,0,0.320063
Scale=3.45,3.45,3.45
Flags=1

