[ENTRY]
ID=151044864
Asset=Manipulator-SpawnPoint
Name=9
Pos=73130.1,221.478,138485
Orient=0,0,0,1
Scale=1,1,1
Layer=151005661

[ENTRY]
ID=151044866
Asset=Manipulator-SpawnPoint
Name=9
Pos=72974.1,132.219,138161
Orient=0,0,0,1
Scale=1,1,1
Layer=151005663

[ENTRY]
ID=151052021
Asset=Manipulator-SpawnPoint
Name=9
Pos=73383.4,72.3707,138149
Orient=0.0749297,0,0,0.997189
Scale=1,1,1
Layer=151009323

