[ENTRY]
ID=151042741
Asset=Manipulator-SpawnPoint
Name=9
Pos=73118.8,178.759,141798
Orient=0,0,0,1
Scale=1,1,1
Layer=151004951

[ENTRY]
ID=151053991
Asset=Par-Waves-1-Emitter
Name=9
Pos=73310.5,60.3682,142321
Orient=0,0.377654,0,0.925947
Scale=1,1,1
Flags=1

