[ENTRY]
ID=151045010
Asset=Manipulator-SpawnPoint
Name=9
Pos=73011.7,181.705,133385
Orient=0,0,0,1
Scale=1,1,1
Layer=151005775

[ENTRY]
ID=151045012
Asset=Manipulator-SpawnPoint
Name=9
Pos=72804.3,271.224,133160
Orient=0,0,0,1
Scale=1,1,1
Layer=151005777

[ENTRY]
ID=151045086
Asset=Manipulator-SpawnPoint
Name=9
Pos=73357.4,282.643,133008
Orient=0,-0.319309,0,0.947651
Scale=1,1,1
Layer=151005825

