[ENTRY]
ID=151053983
Asset=Par-Waves-1-Emitter
Name=9
Pos=73564.9,60.3682,140440
Orient=0,0.894278,0,0.447511
Scale=2,2,2
Flags=1

[ENTRY]
ID=151053984
Asset=Par-Waves-1-Emitter
Name=9
Pos=73614.8,60.3682,140779
Orient=0,0.618487,0,0.785795
Scale=2,2,2
Flags=1

