[ENTRY]
ID=151040046
Asset=CL-SnowyPine1
Name=9
Pos=74047,1216.06,32763
Orient=0,-0.129634,0,0.991562
Scale=2.875,2.875,2.875
Flags=1

