[ENTRY]
ID=151053717
Asset=Par-Waves-1-Emitter
Name=9
Pos=73569.2,60.3682,138202
Orient=0,0.636539,0,0.771245
Scale=1,1,1
Flags=1

[ENTRY]
ID=151053718
Asset=Par-Waves-1-Emitter
Name=9
Pos=73587.2,60.3682,138547
Orient=0,0.83876,0,0.544501
Scale=1,1,1
Flags=1

