[ENTRY]
ID=151006212
Asset=Forest?d=0.9&amp;s=231427&amp;sz=800
Name=9
Pos=73535.8,309.765,160515
Orient=0,0.717356,0,0.696706
Scale=0.95,0.95,0.95
Flags=1

