[ENTRY]
ID=151013437
Asset=CL-Rotted_Flora1#CL-Rotted_Flora1
Name=9
Pos=73966.5,257.42,161800
Orient=0,0.941345,0,-0.337447
Scale=2.2,2.2,2.2
Flags=1

[ENTRY]
ID=151013443
Asset=CL-Rotted_Flora6
Name=9
Pos=74228.6,254.909,161796
Orient=0,-0.434966,0,0.900447
Scale=1.875,1.875,1.875
Flags=1

[ENTRY]
ID=151022184
Asset=Manipulator-SpawnPoint
Name=9
Pos=73772.1,252.063,161997
Orient=0,0.884303,0,0.466913
Scale=1,1,1
Layer=150999884

