[ENTRY]
ID=151045117
Asset=Manipulator#Manipulator-PathNode
Name=9
Pos=73776.9,144.595,131094
Orient=0,0,0,1
Scale=1,1,1

[ENTRY]
ID=151054466
Asset=Par-Waves-1-Emitter
Name=9
Pos=73680.7,74.8757,130773
Orient=0,-0.869114,0,-0.494613
Scale=1,1,1

[ENTRY]
ID=151054467
Asset=Par-Waves-1-Emitter
Name=9
Pos=74076.1,74.8757,130849
Orient=0,-0.986844,0,-0.161676
Scale=1.5,1.5,1.5

