[ENTRY]
ID=151053989
Asset=Par-Waves-1-Emitter
Name=9
Pos=73784,60.3682,141847
Orient=0,0.200885,0,0.979615
Scale=2,2,2
Flags=1

[ENTRY]
ID=151053990
Asset=Par-Waves-1-Emitter
Name=9
Pos=73577.8,60.3682,142037
Orient=0,0.377654,0,0.925947
Scale=2,2,2
Flags=1

