[ENTRY]
ID=151022100
Asset=Manipulator-SpawnPoint
Name=9
Pos=73662.2,224.907,159420
Orient=0,0,0,1
Scale=1,1,1
Layer=150999846

[ENTRY]
ID=151022117
Asset=Manipulator-SpawnPoint
Name=9
Pos=74071,178.103,159641
Orient=0,0,0,1
Scale=1,1,1
Layer=150999856

[ENTRY]
ID=151022118
Asset=Manipulator-SpawnPoint
Name=9
Pos=73548.6,200.452,159749
Orient=0,0,0,1
Scale=1,1,1
Layer=150999857

[ENTRY]
ID=151023061
Asset=Forest?d=0.9&amp;s=231457&amp;sz=800
Name=9
Pos=73569.1,301.814,159562
Orient=0,0.976806,0,0.214126
Scale=1.45,1.45,1.45
Flags=1

