[ENTRY]
ID=151053715
Asset=Par-Waves-1-Emitter
Name=9
Pos=73572.7,60.3682,137573
Orient=0,0.9391,0,0.343644
Scale=1,1,1
Flags=1

[ENTRY]
ID=151053716
Asset=Par-Waves-1-Emitter
Name=9
Pos=73646.5,60.3682,137965
Orient=0,0.548026,0,0.836462
Scale=1,1,1
Flags=1

