[ENTRY]
ID=151045040
Asset=Manipulator-SpawnPoint
Name=9
Pos=74450.4,247.412,136673
Orient=0,0,0,1
Scale=1,1,1
Layer=151005794

[ENTRY]
ID=151053701
Asset=Par-Waves-1-Emitter
Name=9
Pos=74986.1,60.3682,136695
Orient=0,0.15932,0,0.987227
Scale=1,1,1
Flags=1

[ENTRY]
ID=151053707
Asset=Par-Waves-1-Emitter
Name=9
Pos=74835.6,60.3682,137031
Orient=0,0.609161,0,0.793047
Scale=1,1,1
Flags=1

[ENTRY]
ID=151053708
Asset=Par-Waves-1-Emitter
Name=9
Pos=74641.3,60.3682,137174
Orient=0,0.232844,0,0.972514
Scale=1,1,1
Flags=1

