[ENTRY]
ID=151023062
Asset=Forest?d=0.9&amp;s=871317&amp;sz=800
Name=9
Pos=74872.5,187.567,160909
Orient=0,0.430458,0,0.902611
Scale=1.125,1.125,1.125
Flags=1

