[ENTRY]
ID=151059985
Asset=CL-Waterfall1#CL-Waterfall1
Name=9
Pos=74787.6,317.542,34189.8
Orient=0,-0.703279,0,0.710914
Scale=2.65,2.65,2.65

[ENTRY]
ID=151059986
Asset=Effects#Par-Waves-1-Emitter
Name=9
Pos=74666.2,301.738,34134.7
Orient=0,0.681639,0,0.731689
Scale=1.825,1.825,1.825

[ENTRY]
ID=151059987
Asset=Effects#Par-Splash2-Emitter
Name=9
Pos=74759.6,302.23,34264.6
Orient=0,0,0,1
Scale=3.125,3.125,3.125

[ENTRY]
ID=151059988
Asset=Par-Splash2-Emitter
Name=9
Pos=74759.6,302.23,34074
Orient=0,0,0,1
Scale=3.125,3.125,3.125

