[ENTRY]
ID=151040038
Asset=CL-SnowyPine3
Name=9
Pos=74594,1175.07,32890
Orient=0,-0.496879,0,0.86782
Scale=3.05,3.05,3.05
Flags=1

[ENTRY]
ID=151040047
Asset=CL-SnowyPine3
Name=9
Pos=74416,1440.41,32658
Orient=0,-0.526943,0,0.849901
Scale=2.25,2.25,2.25
Flags=1

