[ENTRY]
ID=151013446
Asset=Prop-Boulder3
Name=9
Pos=74314.2,246.957,161742
Orient=0,0.164252,0,0.986418
Scale=5.425,5.425,5.425
Flags=1

[ENTRY]
ID=151013448
Asset=CL-Rotted_Flora7
Name=9
Pos=74458.9,251.08,161807
Orient=0,-1,0,0.000796393
Scale=3.425,3.425,3.425
Flags=1

