[ENTRY]
ID=151017762
Asset=CL-Burnt-Pine4#CL-Burnt-Pine4
Name=9
Pos=74441,875.463,61439
Orient=0,0,0,1
Scale=3,3,3
Flags=1

[ENTRY]
ID=151017764
Asset=CL-Burnt-Pine5#CL-Burnt-Pine5
Name=9
Pos=74662,879.627,61434
Orient=0,0,0,1
Scale=1.375,1.375,1.375
Flags=1

[ENTRY]
ID=151024316
Asset=Prop-Battlefield_Barricade
Name=9
Pos=74843.9,849.656,61404.6
Orient=0.103823,0.391561,0.229888,-0.884902
Scale=4.975,4.975,4.975
Flags=1

