[ENTRY]
ID=151050642
Asset=Manipulator-SpawnPoint
Name=9
Pos=74259,214.374,153515
Orient=0,0,0,1
Scale=1,1,1
Layer=151008741

[ENTRY]
ID=151050962
Asset=Manipulator-SpawnPoint
Name=9
Pos=74632.7,204.089,153087
Orient=0,0,0,1
Scale=1,1,1
Layer=151008888

[ENTRY]
ID=151050963
Asset=Manipulator-SpawnPoint
Name=9
Pos=74374.8,224.758,153023
Orient=0,0.978899,0,0.204347
Scale=1,1,1
Layer=151008889

