[ENTRY]
ID=150997887
Asset=CL-Rock-Clutter#CL-Rock-Clutter
Name=9
Pos=74397.7,206.837,135175
Orient=0,0.461779,0,0.886995
Scale=1,1,1
Flags=1

[ENTRY]
ID=151045051
Asset=Manipulator-SpawnPoint
Name=9
Pos=74737.5,308.494,135666
Orient=0,0,0,1
Scale=1,1,1
Layer=151005805

[ENTRY]
ID=151045052
Asset=Manipulator-SpawnPoint
Name=9
Pos=74635.7,376.135,135334
Orient=0,0,0,1
Scale=1,1,1
Layer=151005806

