[ENTRY]
ID=151053987
Asset=Par-Waves-1-Emitter
Name=9
Pos=74324.7,60.3682,141488
Orient=0,-0.66466,0,-0.747146
Scale=2,2,2
Flags=1

