[ENTRY]
ID=151009637
Asset=Forest?d=0.9&amp;s=231457&amp;sz=800
Name=9
Pos=74534.8,220.962,159458
Orient=0,-0.266732,0,0.963771
Scale=1.15,1.15,1.15
Flags=1

[ENTRY]
ID=151022082
Asset=Manipulator-SpawnPoint
Name=9
Pos=74422.1,187.907,159230
Orient=0,0,0,1
Scale=1,1,1
Layer=150999839

[ENTRY]
ID=151022107
Asset=Manipulator-SpawnPoint
Name=9
Pos=74834,220.874,159631
Orient=0,0,0,1
Scale=1,1,1
Layer=150999848

