[ENTRY]
ID=151050648
Asset=Manipulator#Manipulator-PathNode
Name=9
Pos=74958.5,323.879,155394
Orient=0,0,0,1
Scale=1,1,1

[ENTRY]
ID=151050652
Asset=Manipulator-SpawnPoint
Name=9
Pos=74359.9,487.932,155289
Orient=0,0.632673,0,0.774419
Scale=0.975,0.975,0.975
Layer=151008749

