[ENTRY]
ID=151023078
Asset=Prop-Bush-Large2
Name=9
Pos=74481.7,196.487,156735
Orient=0,-0.747971,0,0.663731
Scale=3.175,3.175,3.175

