[ENTRY]
ID=151053379
Asset=Manipulator-SpawnPoint
Name=9
Pos=75169.1,202.574,148749
Orient=0,0.859862,0,0.510526
Scale=1,1,1
Layer=151009961

[ENTRY]
ID=151053385
Asset=Manipulator-SpawnPoint
Name=9
Pos=75395.7,197.436,148648
Orient=0,0.731146,0,0.682221
Scale=1,1,1
Layer=151009967

[ENTRY]
ID=151056110
Asset=Manipulator-SpawnPoint
Name=9
Pos=75135.8,187.428,148548
Orient=0,0,0,1
Scale=1,1,1
Layer=151010938

