[ENTRY]
ID=151050647
Asset=Manipulator-SpawnPoint
Name=9
Pos=75337.9,416.155,155367
Orient=0,-0.996738,0,0.0807084
Scale=0.95,0.95,0.95
Layer=151008746

[ENTRY]
ID=151053532
Asset=Manipulator-PathNode
Name=9
Pos=75609.9,266.767,155706
Orient=0,0,0,1
Scale=1,1,1

[ENTRY]
ID=151053533
Asset=Manipulator#Manipulator-PathNode
Name=9
Pos=75579.7,266.88,155756
Orient=0,0,0,1
Scale=1,1,1

