[ENTRY]
ID=151045072
Asset=Manipulator-SpawnPoint
Name=9
Pos=75109.9,201.515,132641
Orient=0,0,0,1
Scale=1,1,1
Layer=151005818

[ENTRY]
ID=151054472
Asset=Effects#Par-Waves-1-Emitter
Name=9
Pos=75513,72.3028,132057
Orient=0,0.822049,0,0.569417
Scale=3,3,3
Flags=1

