[ENTRY]
ID=151037315
Asset=Prop-Acacia_Tree#Prop-Acacia_Tree3
Name=9
Pos=75196.4,1344.62,173577
Orient=0,-0.973847,0,-0.227203
Scale=1,1,1
Flags=1

[ENTRY]
ID=151038670
Asset=Prop-BonesTex_A#Prop-Bones3
Name=9
Pos=75037.3,1334.08,173514
Orient=0,0.0898786,0,0.995953
Scale=1.575,1.575,1.575
Flags=1

[ENTRY]
ID=151038915
Asset=Manipulator-SpawnPoint
Name=9
Pos=75012.5,1343.56,173349
Orient=0,0.692537,0,0.721382
Scale=0.95,0.95,0.95
Layer=151004319

