[ENTRY]
ID=151007949
Asset=Manipulator-SpawnPoint
Name=9
Pos=75711.1,166.285,147619
Orient=0,0,0,1
Scale=1,1,1
Layer=150996514

[ENTRY]
ID=151007950
Asset=Manipulator-SpawnPoint
Name=9
Pos=75318.8,172.667,147687
Orient=0,0,0,1
Scale=1,1,1
Layer=150996515

[ENTRY]
ID=151053384
Asset=Manipulator-SpawnPoint
Name=9
Pos=75639.2,180.384,147423
Orient=0,-0.398609,0,0.917121
Scale=1,1,1
Layer=151009966

[ENTRY]
ID=151056117
Asset=Manipulator-SpawnPoint
Name=9
Pos=75336.6,171.511,147686
Orient=0,0,0,1
Scale=1,1,1
Layer=151010938

