[ENTRY]
ID=151054810
Asset=Par-Waves-1-Emitter
Name=9
Pos=75150.5,70.083,143200
Orient=0,0.993666,0,0.112373
Scale=2,2,2
Flags=1

