[ENTRY]
ID=151050972
Asset=Manipulator-SpawnPoint
Name=9
Pos=75522.4,125.512,151419
Orient=0,0,0,1
Scale=1,1,1
Layer=151008894

[ENTRY]
ID=151050974
Asset=Manipulator-SpawnPoint
Name=9
Pos=75747.8,107.076,151416
Orient=0,-0.998531,0,-0.0541771
Scale=1,1,1
Layer=151008896

[ENTRY]
ID=151053274
Asset=Manipulator-SpawnPoint
Name=9
Pos=75095.8,240.972,150972
Orient=0,0,0,1
Scale=1,1,1
Layer=151009919

