[ENTRY]
ID=151053703
Asset=Par-Waves-1-Emitter
Name=9
Pos=75393.4,60.3682,136555
Orient=0,0.416872,0,0.908965
Scale=1,1,1
Flags=1

[ENTRY]
ID=151053706
Asset=Par-Waves-1-Emitter
Name=9
Pos=75162.8,60.3682,136695
Orient=0,0.15932,0,0.987227
Scale=1,1,1
Flags=1

