[ENTRY]
ID=151024315
Asset=Prop-Battlefield_Barricade
Name=9
Pos=75203.3,815.981,62395.9
Orient=0,0.964884,0,0.262677
Scale=4.975,4.975,4.975
Flags=1

[ENTRY]
ID=151024454
Asset=Prop-Battlefield_Barricade
Name=9
Pos=75261.6,732.7,62860.3
Orient=0.133944,0.28894,0.399577,-0.859599
Scale=8.25,8.25,8.25
Flags=1

