[ENTRY]
ID=151009634
Asset=Forest?d=0.9&amp;s=231457&amp;sz=800
Name=9
Pos=75193.7,271.684,159682
Orient=0,0.636538,0,0.771246
Scale=1.375,1.375,1.375
Flags=1

