[ENTRY]
ID=151038143
Asset=CL-Autumn_Forest4#CL-Autumn_Forest4
Name=9
Pos=75932.2,425.003,35502.4
Orient=0,0.636537,0,0.771246
Scale=1.425,1.425,1.425
Flags=1

[ENTRY]
ID=151056693
Asset=Manipulator-SpawnPoint
Name=9
Pos=76358,389.852,35785.2
Orient=0,0,0,1
Scale=1,1,1
Layer=151011227

