[ENTRY]
ID=151038062
Asset=CL-Autumn_Forest6#CL-Autumn_Forest6
Name=9
Pos=76443,379.422,37833
Orient=0,0.21823,0,0.975897
Scale=1.45,1.45,1.45
Flags=1

[ENTRY]
ID=151056773
Asset=Manipulator-SpawnPoint
Name=9
Pos=75764.6,445.691,38078.5
Orient=0,0,0,1
Scale=1,1,1
Layer=151011265

