[ENTRY]
ID=151020294
Asset=CL-Burnt-Pine2#CL-Burnt-Pine2
Name=9
Pos=76096,670.043,58572
Orient=0,0,0,1
Scale=1.5,1.5,1.5
Flags=1

[ENTRY]
ID=151020308
Asset=CL-Burnt-Pine4#CL-Burnt-Pine4
Name=9
Pos=76098,621.162,59006.3
Orient=0,0,0.0499789,0.99875
Scale=2.8,2.8,2.8
Flags=1

