[ENTRY]
ID=151054807
Asset=Par-Waves-1-Emitter
Name=9
Pos=75965.9,70.083,143338
Orient=0,0.993666,0,0.112373
Scale=2,2,2
Flags=1

[ENTRY]
ID=151054825
Asset=Par-Waves-1-Emitter
Name=9
Pos=75770.7,70.083,143338
Orient=0,0.993666,0,0.112373
Scale=2,2,2
Flags=1

[ENTRY]
ID=151054827
Asset=Par-Waves-1-Emitter
Name=9
Pos=76345,70.083,143338
Orient=0,0.993666,0,0.112373
Scale=2,2,2

