[ENTRY]
ID=151028305
Asset=Prop-Battlefield_Engines#Prop-Battlefield_Barricade
Name=9
Pos=76086,703.016,50659
Orient=-0.0843632,0.800211,0.25632,0.535579
Scale=8.575,8.575,8.575
Flags=1

[ENTRY]
ID=151028306
Asset=Prop-Battlefield_Barricade
Name=9
Pos=76200,630.923,50943
Orient=0,-0.831384,0,-0.555699
Scale=7.35,7.35,7.35
Flags=1

[ENTRY]
ID=151028307
Asset=Prop-Battlefield_Barricade
Name=9
Pos=76106,680.221,50965
Orient=0,-0.535416,0,0.844589
Scale=6.75,6.75,6.75
Flags=1

[ENTRY]
ID=151028312
Asset=Prop-Battlefield_Barricade
Name=9
Pos=76055,723.664,50362
Orient=0,-0.412321,0,0.911039
Scale=7.35,7.35,7.35
Flags=1

