[ENTRY]
ID=151056682
Asset=Manipulator-SpawnPoint
Name=9
Pos=76066.1,370.657,37412.8
Orient=0,0,0,1
Scale=1,1,1
Layer=151011216

[ENTRY]
ID=151056796
Asset=Manipulator-SpawnPoint
Name=9
Pos=76239.7,379.575,37460.9
Orient=0,-0.977865,0,0.209239
Scale=0.95,0.95,0.95
Layer=151011279

[ENTRY]
ID=151059543
Asset=CL-Autumn_Forest6
Name=9
Pos=76172.5,357.036,37081.1
Orient=0,0.422854,0,-0.906198
Scale=1.425,1.425,1.425
Flags=1

