[ENTRY]
ID=151053693
Asset=Par-Waves-1-Emitter
Name=9
Pos=75894.2,60.3682,134491
Orient=0,0.924606,0,0.380924
Scale=1,1,1
Flags=1

[ENTRY]
ID=151053695
Asset=Par-Waves-1-Emitter
Name=9
Pos=76111.6,60.3682,134744
Orient=0,0.897911,0,0.440177
Scale=1,1,1
Flags=1

