[ENTRY]
ID=151034276
Asset=Prop-Acacia_Tree3
Name=9
Pos=76329.9,2427.63,176194
Orient=-0.0139857,0.827569,-0.00661119,0.561151
Scale=1.05,1.05,1.05
Flags=1

[ENTRY]
ID=151034277
Asset=Prop-Acacia_Tree#Prop-Acacia_Tree2
Name=9
Pos=75917.1,2146.42,175556
Orient=0.00670576,0.82766,0.00741819,0.561141
Scale=1.125,1.125,1.125
Flags=1

