[ENTRY]
ID=151017770
Asset=CL-Burnt-Pine3#CL-Burnt-Pine3
Name=9
Pos=76056,681.616,58317
Orient=-0.0420561,0.84042,0.0270039,0.539627
Scale=2.725,2.725,2.725
Flags=1

[ENTRY]
ID=151017771
Asset=CL-Burnt-Pine4#CL-Burnt-Pine4
Name=9
Pos=76270,652.658,58225
Orient=0,-0.0848977,0,0.99639
Scale=1.875,1.875,1.875
Flags=1

[ENTRY]
ID=151020310
Asset=CL-Burnt-Pine1#CL-Burnt-Pine1
Name=9
Pos=75971,570.986,57842
Orient=0,0,0,1
Scale=3.075,3.075,3.075
Flags=1

