[ENTRY]
ID=151028308
Asset=Prop-Battlefield_Barricade
Name=9
Pos=76137,629.977,51519
Orient=0,-0.767543,0,0.640997
Scale=6.3,6.3,6.3
Flags=1

[ENTRY]
ID=151028309
Asset=Prop-Battlefield_Barricade
Name=9
Pos=76113,633.007,51247
Orient=0,-0.535416,0,0.844589
Scale=9.7,9.7,9.7
Flags=1

[ENTRY]
ID=151028310
Asset=Prop-Battlefield_Barricade
Name=9
Pos=76011,629.522,51318
Orient=0,-0.535416,0,0.844589
Scale=4.475,4.475,4.475
Flags=1

