[ENTRY]
ID=151017778
Asset=CL-Burnt-Pine3#CL-Burnt-Pine3
Name=9
Pos=76154,691.88,54747
Orient=0,0,0,1
Scale=3.15,3.15,3.15
Flags=1

[ENTRY]
ID=151017780
Asset=CL-Burnt-Pine4#CL-Burnt-Pine4
Name=9
Pos=76262,681.338,54731
Orient=0,-0.109778,0,0.993956
Scale=2.85,2.85,2.85
Flags=1

