[ENTRY]
ID=151053691
Asset=Par-Waves-1-Emitter
Name=9
Pos=75762.3,60.3682,134011
Orient=0,0.717356,0,0.696707
Scale=1,1,1
Flags=1

[ENTRY]
ID=151053692
Asset=Par-Waves-1-Emitter
Name=9
Pos=75840.1,60.3682,134211
Orient=0,0.717356,0,0.696707
Scale=1,1,1
Flags=1

[ENTRY]
ID=151054473
Asset=Par-Waves-1-Emitter
Name=9
Pos=75762.3,60.3682,133868
Orient=0,0.717356,0,0.696707
Scale=1,1,1

