[ENTRY]
ID=151056690
Asset=Manipulator-SpawnPoint
Name=9
Pos=75927.8,391.522,36482.5
Orient=0,0,0,1
Scale=1,1,1
Layer=151011224

[ENTRY]
ID=151056694
Asset=Manipulator-SpawnPoint
Name=9
Pos=76241.1,362.635,36480.3
Orient=0,0,0,1
Scale=1,1,1
Layer=151011228

[ENTRY]
ID=151059548
Asset=Prop-Autumn_Tree5
Name=9
Pos=76388.3,370.294,36288.2
Orient=0,-0.836026,0,0.54869
Scale=1.8,1.8,1.8
Flags=1

[ENTRY]
ID=151059552
Asset=Prop-Autumn_Tree2
Name=9
Pos=76362,362.849,36568.7
Orient=0,-0.836026,0,0.54869
Scale=1.075,1.075,1.075
Flags=1

