[ENTRY]
ID=151017766
Asset=CL-Burnt-Pine5#CL-Burnt-Pine5
Name=9
Pos=76304,641.814,60611
Orient=0,0,0,1
Scale=2.425,2.425,2.425
Flags=1

[ENTRY]
ID=151017767
Asset=Prop-Burnt_Pines#Prop-Burnt_Pine3
Name=9
Pos=76358.9,638.539,60507.9
Orient=-0.109778,0,0,0.993956
Scale=3.475,3.475,3.475
Flags=1

