[ENTRY]
ID=151009863
Asset=Manipulator-SpawnPoint
Name=9
Pos=76463.8,190.682,147718
Orient=0,-0.996738,0,0.0807084
Scale=1,1,1
Layer=150997132

[ENTRY]
ID=151053374
Asset=Manipulator#Manipulator-PathNode
Name=9
Pos=76228.8,172.135,147727
Orient=0,0,0,1
Scale=1,1,1

[ENTRY]
ID=151053375
Asset=Manipulator-PathNode
Name=9
Pos=76082.7,171.223,147747
Orient=0,0,0,1
Scale=1,1,1

