[ENTRY]
ID=151024006
Asset=CL-Camp_Raider1
Name=9
Pos=76994,977.717,50455
Orient=0,-0.273079,0,-0.961992
Scale=1.375,1.375,1.375
Flags=1

[ENTRY]
ID=151024007
Asset=Prop-Tent3
Name=9
Pos=77053.1,976.697,50308.4
Orient=0,-0.247404,0,0.968912
Scale=1.25,1.25,1.25
Flags=1

[ENTRY]
ID=151026497
Asset=Prop-Burnt_Pine2
Name=9
Pos=77068.7,932.362,50538.4
Orient=0,-0.692537,0,0.721382
Scale=2.525,2.525,2.525

