[ENTRY]
ID=151007385
Asset=Arid_Clutter?d=0.9&amp;s=871345&amp;sz=800
Name=9
Pos=76716.3,1323.18,173080
Orient=0,-0.352274,0,0.935897
Scale=1,1,1
Flags=1

[ENTRY]
ID=151016950
Asset=Manipulator-SpawnPoint
Name=9
Pos=76828,1252.57,172995
Orient=0,0,0,1
Scale=0.925,0.925,0.925
Layer=150998762

[ENTRY]
ID=151039332
Asset=Manipulator#Manipulator-PathNode
Name=9
Pos=77011.6,1254.58,173083
Orient=0,0,0,1
Scale=1,1,1

[ENTRY]
ID=151039358
Asset=Manipulator-SpawnPoint
Name=9
Pos=76644.1,1305.39,173145
Orient=0,0,0,1
Scale=0.925,0.925,0.925
Layer=151004474

[ENTRY]
ID=151039362
Asset=Manipulator-PathNode
Name=9
Pos=76795.4,1282.18,173103
Orient=0,0,0,1
Scale=1,1,1

