[ENTRY]
ID=151018500
Asset=Forest?d=0.5&amp;s=871817&amp;sz=800
Name=9
Pos=76782.3,-107.381,160398
Orient=0,0.593178,0,0.805072
Scale=1.025,1.025,1.025
Flags=1

