[ENTRY]
ID=151056770
Asset=Manipulator-SpawnPoint
Name=9
Pos=76751.2,389.022,38167.9
Orient=0,-0.119712,0,0.992809
Scale=1,1,1
Layer=151011264

