[ENTRY]
ID=151019156
Asset=CL-Yeti_Camp2#CL-Yeti_Camp2
Name=9
Pos=76995,807.166,63540
Orient=0,0.99871,0,0.0507745
Scale=1,1,1
Flags=1

[ENTRY]
ID=151028569
Asset=CL-SnowyPine2#CL-SnowyPine2
Name=9
Pos=76942,810.025,63549
Orient=0,-0.685289,0,0.728272
Scale=1,1,1
Flags=1

