[ENTRY]
ID=150999408
Asset=CL-Hills_Tree2#CL-Hills_Tree2
Name=9
Pos=77759.1,285.606,146135
Orient=0,-0.900101,0,0.435682
Scale=1.65,1.65,1.65
Flags=1

[ENTRY]
ID=151050813
Asset=Manipulator-SpawnPoint
Name=9
Pos=77811.8,212.183,145698
Orient=0,0,0,1
Scale=1,1,1
Layer=151008800

[ENTRY]
ID=151053212
Asset=Manipulator-PathNode
Name=9
Pos=77372.7,295.984,146205
Orient=0,0,0,1
Scale=1,1,1

