[ENTRY]
ID=151050292
Asset=Manipulator-SpawnPoint
Name=9
Pos=77978,279.391,143678
Orient=0,0,0,1
Scale=1,1,1
Layer=151008554

[ENTRY]
ID=151050335
Asset=Manipulator-SpawnPoint
Name=9
Pos=77504.3,151.041,143840
Orient=0,0,0,1
Scale=1,1,1
Layer=151008576

[ENTRY]
ID=151054799
Asset=Effects#Par-Waves-1-Emitter
Name=9
Pos=77540,70.147,143264
Orient=0,-0.990327,0,-0.138754
Scale=1,1,1
Flags=1

