[ENTRY]
ID=151053209
Asset=Manipulator-SpawnPoint
Name=9
Pos=77552.6,448.021,146469
Orient=0,0.754571,0,0.656219
Scale=1,1,1
Layer=151009885

[ENTRY]
ID=151053210
Asset=Manipulator#Manipulator-PathNode
Name=9
Pos=77472.4,341.757,146296
Orient=0,0,0,1
Scale=1,1,1

[ENTRY]
ID=151053215
Asset=Manipulator-SpawnPoint
Name=9
Pos=77746.8,505.686,146671
Orient=0,0,0,1
Scale=1,1,1
Layer=151009888

