[ENTRY]
ID=151056943
Asset=Manipulator-SpawnPoint
Name=9
Pos=77262.6,431.782,35502
Orient=0,0,0,1
Scale=1,1,1
Layer=151011345

[ENTRY]
ID=151056947
Asset=Manipulator-SpawnPoint
Name=9
Pos=77954.5,399.954,35488
Orient=0,0,0,1
Scale=1,1,1
Layer=151011349

[ENTRY]
ID=151059542
Asset=CL-Autumn_Forest6
Name=9
Pos=77526.9,412.945,35778.7
Orient=0,0.670587,0,0.741831
Scale=1.425,1.425,1.425
Flags=1

