[ENTRY]
ID=151017785
Asset=CL-Burnt-Pine6#CL-Burnt-Pine6
Name=9
Pos=77663.2,552.944,51431.8
Orient=0,0.999415,0,-0.034197
Scale=2.9,2.9,2.9
Flags=1

[ENTRY]
ID=151018930
Asset=CL-Burnt-Pine5#CL-Burnt-Pine5
Name=9
Pos=77496,535.259,51599.5
Orient=0,0.999415,0,-0.034197
Scale=1.725,1.725,1.725
Flags=1

