[ENTRY]
ID=151056953
Asset=Manipulator-SpawnPoint
Name=9
Pos=78191.7,441.146,37007.1
Orient=0,0,0,1
Scale=1,1,1
Layer=151011355

[ENTRY]
ID=151059540
Asset=CL-Autumn_Forest5#CL-Autumn_Forest5
Name=9
Pos=78401.3,431.335,37156.1
Orient=0,0.169182,0,0.985585
Scale=1,1,1
Flags=1

