[ENTRY]
ID=151025249
Asset=Prop-Giant_Mushroom#Prop-Giant_Mushroom-Glowing3
Name=9
Pos=78195.5,318.343,168142
Orient=-0.149856,0.790541,-0.0611993,0.590629
Scale=2.15,2.15,2.15
Flags=1

[ENTRY]
ID=151025263
Asset=Prop-Giant_Mushroom#Prop-Giant_Mushroom-Glowing1
Name=9
Pos=78198.1,361.293,168346
Orient=0.0436256,0.795367,0.0298277,0.603819
Scale=1.45,1.45,1.45
Flags=1

