[ENTRY]
ID=151012038
Asset=Sick-Rotted_Forest?d=0.9&amp;s=271437&amp;sz=800
Name=9
Pos=78548.8,243.897,161607
Orient=0,0.918788,0,0.394751
Scale=1.95,1.95,1.95
Flags=1

