[ENTRY]
ID=151057000
Asset=Manipulator-SpawnPoint
Name=9
Pos=78036.4,486.486,36418.4
Orient=0,0,0,1
Scale=1,1,1
Layer=151011393

[ENTRY]
ID=151059550
Asset=Prop-Autumn_Tree#Prop-Autumn_Tree5
Name=9
Pos=78068.6,380.244,36469.5
Orient=0,-0.836026,0,0.54869
Scale=1.625,1.625,1.625
Flags=1

