[ENTRY]
ID=151050578
Asset=Manipulator-SpawnPoint
Name=9
Pos=78430.9,456.243,154957
Orient=0,0,0,1
Scale=1,1,1
Layer=151008695

[ENTRY]
ID=151050579
Asset=Manipulator-SpawnPoint
Name=9
Pos=78283.8,417.872,155180
Orient=0,0,0,1
Scale=1,1,1
Layer=151008696

[ENTRY]
ID=151050686
Asset=Manipulator-SpawnPoint
Name=9
Pos=78186.6,500.192,154899
Orient=0,-0.710353,0,0.703845
Scale=1,1,1
Layer=151008775

[ENTRY]
ID=151050688
Asset=Manipulator#Manipulator-PathNode
Name=9
Pos=78113.2,453.682,155081
Orient=0,0,0,1
Scale=1,1,1

