[ENTRY]
ID=151024165
Asset=Manipulator-SpawnPoint
Name=9
Pos=78225.8,136.115,164489
Orient=0,0,0,1
Scale=1,1,1
Layer=151000307

[ENTRY]
ID=151024166
Asset=Manipulator-SpawnPoint
Name=9
Pos=78423.5,183.352,164971
Orient=0,0,0,1
Scale=1,1,1
Layer=151000308

[ENTRY]
ID=151025163
Asset=Prop-Tree_Accessories1#Prop-Stump_Cut2
Name=9
Pos=78719.4,182.259,164737
Orient=-0.040832,0.428517,0.0856191,0.898541
Scale=2.725,2.725,2.725
Flags=1

[ENTRY]
ID=151025164
Asset=Prop-Bush_Rotted3#Prop-Bush_Rotted3
Name=9
Pos=78747.8,194.454,164726
Orient=0,0,0,1
Scale=1,1,1

[ENTRY]
ID=151025165
Asset=Prop-Bush_Rotted2#Prop-Bush_Rotted2
Name=9
Pos=78682.5,183.835,164717
Orient=0,0.613117,0,0.789992
Scale=1.425,1.425,1.425

