[ENTRY]
ID=151024310
Asset=Manipulator-SpawnPoint
Name=9
Pos=79149,258.206,165711
Orient=0,0,0,1
Scale=1,1,1
Layer=151000384

[ENTRY]
ID=151027352
Asset=Prop-Mushroom-Med_Rotted2#Prop-Mushroom-Med_Rotted2
Name=9
Pos=79442.5,210.279,165673
Orient=0,-0.995881,0,0.0906716
Scale=1.85,1.85,1.85

[ENTRY]
ID=151027353
Asset=Prop-Mushroom_Glowpod#Prop-Mushroom_Glowpod1
Name=9
Pos=79452.7,208.447,165674
Orient=0.0896584,0.00628636,-0.0696598,0.993514
Scale=1,1,1

