[ENTRY]
ID=151059553
Asset=CL-Autumn_Forest4#CL-Autumn_Forest4
Name=9
Pos=79282.8,459.321,37026.2
Orient=0,0.940805,0,0.338947
Scale=1,1,1
Flags=1

