[ENTRY]
ID=151040090
Asset=CL-SnowyPine4
Name=9
Pos=79288,1004.63,45585
Orient=0,0,0,1
Scale=2.225,2.225,2.225
Flags=1

[ENTRY]
ID=151040091
Asset=CL-SnowyPine5
Name=9
Pos=79415,972.948,45529
Orient=0,-0.514136,0,0.857709
Scale=2.475,2.475,2.475
Flags=1

