[ENTRY]
ID=151059567
Asset=CL-Autumn_Forest5
Name=9
Pos=78974.6,470.489,35810.3
Orient=0,0.169182,0,0.985585
Scale=0.625,0.625,0.625

