[ENTRY]
ID=151051052
Asset=Manipulator-SpawnPoint
Name=9
Pos=79334,299.046,152365
Orient=0,0,0,1
Scale=1,1,1
Layer=151008933

[ENTRY]
ID=151051063
Asset=Manipulator-SpawnPoint
Name=9
Pos=79240.5,367.315,152773
Orient=0,-0.0499792,0,0.99875
Scale=1,1,1
Layer=151008940

