[ENTRY]
ID=151040032
Asset=CL-SnowyPine3
Name=9
Pos=79017,1056.17,34304
Orient=0,-0.751279,0,0.659984
Scale=3.05,3.05,3.05
Flags=1

[ENTRY]
ID=151040034
Asset=CL-SnowyPine3
Name=9
Pos=78830,1304.86,33899
Orient=0,-0.827702,0,0.561168
Scale=1.975,1.975,1.975
Flags=1

