[ENTRY]
ID=151040093
Asset=CL-SnowyPine3
Name=9
Pos=79780,1062.14,45553
Orient=0.0575117,-0.978443,-0.0480297,-0.192443
Scale=3.275,3.275,3.275
Flags=1

