[ENTRY]
ID=151012054
Asset=Dead-Rotted_Forest?d=0.9&amp;s=87187&amp;sz=800
Name=9
Pos=80222.2,264.959,160913
Orient=0,0.789504,0,0.613746
Scale=1.425,1.425,1.425
Flags=1

[ENTRY]
ID=151024036
Asset=Manipulator-SpawnPoint
Name=9
Pos=80096.3,197.292,161166
Orient=0,0,0,1
Scale=1,1,1
Layer=151000250

