[ENTRY]
ID=151040092
Asset=CL-SnowyPine3
Name=9
Pos=79573,1095.82,45833
Orient=0.0499683,-0.940369,-0.0558357,-0.331801
Scale=3.275,3.275,3.275
Flags=1

