[ENTRY]
ID=151046091
Asset=CL-Fence-Stone_Blue5#CL-Fence-Stone_Blue5
Name=9
Pos=79624,464.011,42652
Orient=0,0.384808,0,0.922997
Scale=1,1,1
Flags=1

[ENTRY]
ID=151046092
Asset=CL-Fence-Stone_Blue5
Name=9
Pos=79699,465.506,42744
Orient=0,0.384808,0,0.922997
Scale=1,1,1
Flags=1

