[ENTRY]
ID=151012512
Asset=Sick_Forest?d=0.9&amp;s=8237&amp;sz=800
Name=9
Pos=79758.2,222.008,165897
Orient=0,-0.640385,0,0.768054
Scale=1.65,1.65,1.65
Flags=1

[ENTRY]
ID=151012694
Asset=CL-Sick-Forest1#CL-Sick-Forest1
Name=9
Pos=79530.8,278.646,166364
Orient=0,0,0,1
Scale=0.475,0.475,0.475
Flags=1

