[ENTRY]
ID=151012483
Asset=Sick-Rotted_Forest?d=0.9&amp;s=231567&amp;sz=800
Name=9
Pos=79893.3,688.166,169938
Orient=0,-0.609159,0,0.793048
Scale=3.1,3.1,3.1
Flags=1

[ENTRY]
ID=151024353
Asset=Manipulator-SpawnPoint
Name=9
Pos=79716,320.737,169940
Orient=0,0,0,1
Scale=1,1,1
Layer=151000400

