[ENTRY]
ID=151038150
Asset=CL-Pine_Forest1#CL-Pine_Forest1
Name=9
Pos=80217,388.51,36534
Orient=0,0,0,1
Scale=2.625,2.625,2.625
Flags=1

[ENTRY]
ID=151038151
Asset=CL-Pine_Forest3#CL-Pine_Forest3
Name=9
Pos=80129,387.111,36645
Orient=0,-0.443948,0,0.896053
Scale=2.3,2.3,2.3
Flags=1

[ENTRY]
ID=151038153
Asset=CL-Pine_Forest5#CL-Pine_Forest5
Name=9
Pos=80118,388.394,36664
Orient=0,0,0,1
Scale=1,1,1
Flags=1

