[ENTRY]
ID=151001923
Asset=Dead_Forest?d=0.9&amp;s=84399&amp;sz=800
Name=9
Pos=80899.5,242.498,147759
Orient=0,-0.99871,0,0.050774
Scale=1.175,1.175,1.175
Flags=1

