[ENTRY]
ID=151018041
Asset=CL-Burnt-Pine1#CL-Burnt-Pine1
Name=9
Pos=80672,600.431,60679
Orient=0,-0.0799147,0,0.996802
Scale=4.325,4.325,4.325

[ENTRY]
ID=151018042
Asset=CL-Burnt-Pine2#CL-Burnt-Pine2
Name=9
Pos=80845,635.438,60433
Orient=0,0,0,1
Scale=1.975,1.975,1.975

[ENTRY]
ID=151018045
Asset=CL-Burnt-Pine4#CL-Burnt-Pine4
Name=9
Pos=80996,571.869,60442
Orient=0,0,0,1
Scale=1.375,1.375,1.375

