[ENTRY]
ID=151001924
Asset=Forest?d=0.9&amp;s=171227&amp;sz=800
Name=9
Pos=80861.6,414.954,146875
Orient=0,0.895699,0,0.444662
Scale=1,1,1
Flags=1

[ENTRY]
ID=151052194
Asset=Manipulator-SpawnPoint
Name=9
Pos=80971.6,503.169,146353
Orient=0,0,0,1
Scale=1,1,1
Layer=151009415

