[ENTRY]
ID=151018363
Asset=CL-Burnt-Pine4#CL-Burnt-Pine4
Name=9
Pos=80696,681.985,55837
Orient=0,0,0,1
Scale=3.725,3.725,3.725
Flags=1

[ENTRY]
ID=151018365
Asset=CL-Burnt-Pine2#CL-Burnt-Pine2
Name=9
Pos=80302,688.63,55776
Orient=0,0,0,1
Scale=2,2,2

[ENTRY]
ID=151018818
Asset=CL-Burnt-Pine5#CL-Burnt-Pine5
Name=9
Pos=80867,733.972,55891
Orient=0,-0.518418,0,0.855127
Scale=1,1,1
Flags=1

