[ENTRY]
ID=151008122
Asset=Manipulator-SpawnPoint
Name=9
Pos=80934.9,691.479,139728
Orient=0,-0.597195,0,0.802096
Scale=1,1,1
Layer=150996602

[ENTRY]
ID=151009879
Asset=Manipulator-SpawnPoint
Name=9
Pos=80979.5,756.119,140238
Orient=0,0,0,1
Scale=1,1,1
Layer=150997143

[ENTRY]
ID=151051997
Asset=Manipulator-SpawnPoint
Name=9
Pos=80866.2,757.394,140233
Orient=0,-0.955101,0,0.296281
Scale=1,1,1
Layer=151009319

[ENTRY]
ID=151052002
Asset=Manipulator-SpawnPoint
Name=9
Pos=80955.4,770.902,139979
Orient=0,0,0,1
Scale=1,1,1
Layer=151009321

