[ENTRY]
ID=151017998
Asset=CL-Burnt-Pine2#CL-Burnt-Pine2
Name=9
Pos=80679,688.792,57181
Orient=0,-0.920751,0,0.390152
Scale=4.425,4.425,4.425
Flags=1

[ENTRY]
ID=151017999
Asset=CL-Burnt-Pine3#CL-Burnt-Pine3
Name=9
Pos=80427,709.179,57056
Orient=0,0,0,1
Scale=2.125,2.125,2.125
Flags=1

