[ENTRY]
ID=151041278
Asset=Forest?d=0.9&amp;s=81712&amp;sz=800
Name=9
Pos=80713.6,384.493,147458
Orient=0,-0.668055,0,-0.744112
Scale=1.35,1.35,1.35
Flags=1

[ENTRY]
ID=151050873
Asset=Manipulator-SpawnPoint
Name=9
Pos=80320.7,327.485,147463
Orient=0,0,0,1
Scale=1,1,1
Layer=151008824

