[ENTRY]
ID=151012496
Asset=Sick-Rotted_Forest?d=0.9&amp;s=81817&amp;sz=800
Name=9
Pos=80974.8,447.821,169196
Orient=0,-0.725384,0,-0.688344
Scale=1.55,1.55,1.55
Flags=1

[ENTRY]
ID=151024342
Asset=Manipulator-SpawnPoint
Name=9
Pos=80445.2,335.706,168930
Orient=0,0,0,1
Scale=1,1,1
Layer=151000395

[ENTRY]
ID=151024354
Asset=Manipulator-SpawnPoint
Name=9
Pos=80731,426.856,169349
Orient=0,0,0,1
Scale=1,1,1
Layer=151000401

[ENTRY]
ID=151025394
Asset=CL-Mushroom_Rotted2
Name=9
Pos=80927.8,443.174,169321
Orient=0.0943381,0.768384,-0.088912,-0.626723
Scale=0.7,0.7,0.7

