[ENTRY]
ID=151012056
Asset=Dead-Rotted_Forest?d=0.9&amp;s=8187&amp;sz=800
Name=9
Pos=80661.2,204.406,160307
Orient=0,0.789504,0,0.613746
Scale=1.425,1.425,1.425
Flags=1

[ENTRY]
ID=151024038
Asset=Manipulator-SpawnPoint
Name=9
Pos=80854,210.068,160469
Orient=0,0,0,1
Scale=1,1,1
Layer=151000252

