[ENTRY]
ID=151012052
Asset=Dead-Rotted_Forest?d=0.9&amp;s=877&amp;sz=800
Name=9
Pos=81553.1,209.117,162100
Orient=0,0.977865,0,0.209239
Scale=2.075,2.075,2.075
Flags=1

[ENTRY]
ID=151024066
Asset=Manipulator-SpawnPoint
Name=9
Pos=81032.2,183.749,162450
Orient=0,0,0,1
Scale=1,1,1
Layer=151000269

