[ENTRY]
ID=151024234
Asset=Manipulator-SpawnPoint
Name=9
Pos=81740.4,196.291,166600
Orient=0,0,0,1
Scale=1,1,1
Layer=151000350

[ENTRY]
ID=151026365
Asset=Prop-Mushroom_Glowpod#Prop-Mushroom_Glowpod1
Name=9
Pos=81746.3,198.602,166793
Orient=0,0,0.159318,0.987227
Scale=1.725,1.725,1.725

[ENTRY]
ID=151026366
Asset=Prop-Mushroom_Glowpod#Prop-Mushroom_Glowpod2
Name=9
Pos=81743,199.709,166802
Orient=0.0297226,-0.0040371,0.13453,0.990455
Scale=1,1,1

