[ENTRY]
ID=151051083
Asset=Manipulator-SpawnPoint
Name=9
Pos=81075.9,233.427,153366
Orient=0,0,0,1
Scale=1,1,1
Layer=151008952

[ENTRY]
ID=151051277
Asset=Manipulator-SpawnPoint
Name=9
Pos=81219.6,208.232,153569
Orient=0,0.706825,0,0.707388
Scale=1,1,1
Layer=151009036

[ENTRY]
ID=151053567
Asset=Manipulator-SpawnPoint
Name=9
Pos=81482.7,230.667,153060
Orient=0,0,0,1
Scale=1,1,1
Layer=151010039

