[ENTRY]
ID=151041266
Asset=Forest?d=0.9&amp;s=811812&amp;sz=800
Name=9
Pos=82476.4,457.581,144308
Orient=0,-0.822955,0,-0.568107
Scale=1.6,1.6,1.6
Flags=1

[ENTRY]
ID=151052167
Asset=Manipulator-SpawnPoint
Name=9
Pos=82414.9,563.61,144646
Orient=0,0,0,1
Scale=1,1,1
Layer=151009397

