[ENTRY]
ID=151029037
Asset=Prop-Boulder2
Name=9
Pos=82467,318.562,43149
Orient=0,0.247404,0,0.968912
Scale=5.725,5.725,5.725
Flags=1

[ENTRY]
ID=151029042
Asset=Effects#Par-Splash1-Emitter
Name=9
Pos=82494,349.685,43070
Orient=0,0,0,1
Scale=3.975,3.975,3.975
Flags=1

[ENTRY]
ID=151029043
Asset=Par-Splash1-Emitter
Name=9
Pos=82465,391.414,43144
Orient=0,0,0,1
Scale=4.65,4.65,4.65
Flags=1

