[ENTRY]
ID=151041277
Asset=Forest?d=0.9&amp;s=81712&amp;sz=800
Name=9
Pos=82336.6,256.691,149128
Orient=0,-0.561827,0,-0.827255
Scale=1.775,1.775,1.775
Flags=1

