[ENTRY]
ID=151040018
Asset=CL-SnowyPine3
Name=9
Pos=81813,1166.56,35731
Orient=0,-0.430457,0,0.902611
Scale=3.05,3.05,3.05
Flags=1

[ENTRY]
ID=151040020
Asset=CL-SnowyPine5
Name=9
Pos=82471,1343.43,35797
Orient=0,0.677972,0,0.735088
Scale=2.475,2.475,2.475
Flags=1

[ENTRY]
ID=151040023
Asset=CL-SnowyPine1
Name=9
Pos=81777,1450.84,35361
Orient=0,0,0,1
Scale=2.875,2.875,2.875
Flags=1

