[ENTRY]
ID=151054749
Asset=Effects#Par-Waves-1-Emitter
Name=9
Pos=81900.7,62.2057,138050
Orient=0,-0.881958,0,0.471328
Scale=1,1,1
Flags=1

