[ENTRY]
ID=151054742
Asset=Par-Waves-1-Emitter
Name=9
Pos=82074.7,64.53,137747
Orient=0,-0.955101,0,0.296281
Scale=2,2,2
Flags=1

