[ENTRY]
ID=151012595
Asset=CL-Sick-Forest3
Name=9
Pos=82437.6,1704.4,174495
Orient=0,0.849481,0,0.52762
Scale=1.525,1.525,1.525

