[ENTRY]
ID=151018046
Asset=CL-Burnt-Pine5#CL-Burnt-Pine5
Name=9
Pos=81822,623.624,60490
Orient=0,0.309816,0,0.950796
Scale=3.825,3.825,3.825
Flags=1

[ENTRY]
ID=151018047
Asset=CL-Burnt-Pine6#CL-Burnt-Pine6
Name=9
Pos=82033,627.566,60650
Orient=0,0,0,1
Scale=1.775,1.775,1.775
Flags=1

