[ENTRY]
ID=151041276
Asset=Forest?d=0.9&amp;s=81712&amp;sz=800
Name=9
Pos=82099.9,375.295,148366
Orient=0,-0.561827,0,-0.827255
Scale=1.35,1.35,1.35
Flags=1

