[ENTRY]
ID=151015748
Asset=CL-Dead-Rotted_Forest1#CL-Dead-Rotted_Forest1
Name=9
Pos=82416.8,224.555,165348
Orient=0,-0.991665,0,-0.128844
Scale=1.25,1.25,1.25
Flags=1

[ENTRY]
ID=151024242
Asset=Manipulator-SpawnPoint
Name=9
Pos=82359,236.934,165332
Orient=0,0,0,1
Scale=1,1,1
Layer=151000356

