[ENTRY]
ID=151001762
Asset=Prop-Forest_Tree7
Name=9
Pos=82351.8,199.845,150235
Orient=0,-0.618312,0,-0.785933
Scale=1,1,1
Flags=1

[ENTRY]
ID=151053876
Asset=Manipulator-SpawnPoint
Name=9
Pos=82048,238.327,150102
Orient=0,0,0,1
Scale=1,1,1
Layer=151010083

