[ENTRY]
ID=151008133
Asset=Manipulator-SpawnPoint
Name=9
Pos=82079.8,491.772,139315
Orient=0,-0.412321,0,0.911039
Scale=1,1,1
Layer=150996610

[ENTRY]
ID=151009884
Asset=Manipulator-SpawnPoint
Name=9
Pos=82329.6,507.485,139370
Orient=0,0.651834,0,0.758362
Scale=1,1,1
Layer=150997147

[ENTRY]
ID=151009885
Asset=Manipulator-SpawnPoint
Name=9
Pos=82116.5,481.389,139349
Orient=0,-0.300293,0,0.953847
Scale=1,1,1
Layer=150997147

[ENTRY]
ID=151051976
Asset=Manipulator#Manipulator-PathNode
Name=9
Pos=82249,460.362,139486
Orient=0,0,0,1
Scale=1,1,1

