[ENTRY]
ID=151053980
Asset=Prop-Sanctuary_Stone
Name=9
Pos=83204.6,302.97,150803
Orient=0,0.965773,0,-0.259388
Scale=1,1,1

[ENTRY]
ID=151053981
Asset=Manipulator-Sanctuary
Name=9
Pos=83204.5,312.97,150802
Orient=0,0,0,1
Scale=1,1,1

[ENTRY]
ID=151054058
Asset=Manipulator-SpawnPoint
Name=9
Pos=83230,303.842,151460
Orient=0,-0.731146,0,0.682221
Scale=1,1,1
Layer=151010148

[ENTRY]
ID=151054061
Asset=Manipulator-SpawnPoint
Name=9
Pos=83015.2,312.774,150762
Orient=0,0.939099,0,0.343646
Scale=1,1,1
Layer=151010151

