[ENTRY]
ID=151040019
Asset=CL-SnowyPine3
Name=9
Pos=82926,1446.75,35629
Orient=0,-0.972329,0,0.233617
Scale=1.975,1.975,1.975
Flags=1

[ENTRY]
ID=151040021
Asset=CL-SnowyPine4
Name=9
Pos=82616,1435.79,35888
Orient=0,0,0,1
Scale=2.225,2.225,2.225
Flags=1

