[ENTRY]
ID=151040087
Asset=CL-SnowyPine3
Name=9
Pos=82589,1198.65,44804
Orient=0.0743376,-0.927601,-0.00940113,0.365982
Scale=3.275,3.275,3.275
Flags=1

[ENTRY]
ID=151040088
Asset=CL-SnowyPine3
Name=9
Pos=82712,1422.68,44662
Orient=0.0575117,-0.978443,-0.0480297,-0.192443
Scale=3.275,3.275,3.275
Flags=1

