[ENTRY]
ID=151052156
Asset=Manipulator-SpawnPoint
Name=9
Pos=82786.9,596.809,144812
Orient=0,0,0,1
Scale=1,1,1
Layer=151009390

[ENTRY]
ID=151052157
Asset=Manipulator-SpawnPoint
Name=9
Pos=82857.1,511.101,145311
Orient=0,0,0,1
Scale=1,1,1
Layer=151009391

[ENTRY]
ID=151052159
Asset=Manipulator-SpawnPoint
Name=9
Pos=82635.2,564.898,145458
Orient=0,-0.999526,0,0.0307915
Scale=1,1,1
Layer=151009393

