[ENTRY]
ID=151008129
Asset=Manipulator-SpawnPoint
Name=9
Pos=82672.2,500.682,140155
Orient=0,-0.831383,0,-0.555699
Scale=1,1,1
Layer=150996607

[ENTRY]
ID=151009882
Asset=Manipulator-SpawnPoint
Name=9
Pos=82670.5,510.245,139917
Orient=0,-0.963558,0,0.267499
Scale=1,1,1
Layer=150997145

[ENTRY]
ID=151051973
Asset=Manipulator-PathNode
Name=9
Pos=82686.9,502.583,140194
Orient=0,0,0,1
Scale=1,1,1

