[ENTRY]
ID=151054702
Asset=Effects#Par-Waves-1-Emitter
Name=9
Pos=83006.3,67.4088,137250
Orient=0,0.999707,0,-0.0242014
Scale=1.5,1.5,1.5
Flags=1

[ENTRY]
ID=151054741
Asset=Effects#Par-Waves-1-Emitter
Name=9
Pos=82738.9,64.53,137312
Orient=0,-0.932039,0,0.362358
Scale=1,1,1
Flags=1

[ENTRY]
ID=151054743
Asset=Par-Waves-1-Emitter
Name=9
Pos=82566.4,64.53,137525
Orient=0,-0.846832,0,0.531861
Scale=1,1,1
Flags=1

