[ENTRY]
ID=151008126
Asset=Manipulator-SpawnPoint
Name=9
Pos=82863.4,321.119,141044
Orient=0,-0.987888,0,0.155167
Scale=1,1,1
Layer=150996604

[ENTRY]
ID=151009870
Asset=Manipulator-SpawnPoint
Name=9
Pos=82763.5,327.726,141079
Orient=0,0.999816,0,-0.0192024
Scale=1,1,1
Layer=150997139

