[ENTRY]
ID=151040013
Asset=CL-SnowyPine2
Name=9
Pos=83103,1101.53,37363
Orient=0,0.556361,0,0.830941
Scale=2.55,2.55,2.55
Flags=1

[ENTRY]
ID=151040015
Asset=CL-SnowyPine2
Name=9
Pos=83045,1204.71,36901
Orient=0,0.380188,0,0.924909
Scale=4.425,4.425,4.425
Flags=1

