[ENTRY]
ID=151001817
Asset=Prop-Forest_Tree4
Name=9
Pos=82630.9,251.731,149921
Orient=0,-0.891929,0,-0.452176
Scale=1.55,1.55,1.55
Flags=1

[ENTRY]
ID=151053940
Asset=Manipulator-SpawnPoint
Name=9
Pos=82869.4,241.448,149349
Orient=0,0,0,1
Scale=1,1,1
Layer=151010090

[ENTRY]
ID=151053941
Asset=Manipulator-SpawnPoint
Name=9
Pos=82670,231.556,149452
Orient=0,-0.509841,0,0.860269
Scale=1,1,1
Layer=151010091

[ENTRY]
ID=151053942
Asset=Manipulator#Manipulator-PathNode
Name=9
Pos=82743.1,248.622,149588
Orient=0,0,0,1
Scale=1,1,1

[ENTRY]
ID=151053943
Asset=Manipulator-PathNode
Name=9
Pos=82719.2,250.847,149769
Orient=0,0,0,1
Scale=1,1,1

