[ENTRY]
ID=151032655
Asset=Prop-GlassBottle1#Prop-GlassBottle1
Name=9
Pos=83873.6,67.6526,136810
Orient=0.253607,-0.0826375,-0.298592,0.91635
Scale=1.725,1.725,1.725

[ENTRY]
ID=151054387
Asset=Manipulator-SpawnPoint
Name=9
Pos=83927.5,69.9049,136781
Orient=0,0,0,1
Scale=1,1,1
Layer=151010304

[ENTRY]
ID=151054388
Asset=Manipulator-SpawnPoint
Name=9
Pos=83963.7,68.7386,136522
Orient=0,0,0,1
Scale=1,1,1
Layer=151010305

