[ENTRY]
ID=151040010
Asset=CL-SnowyPine3
Name=9
Pos=83387,1476.47,37949
Orient=0,-0.972329,0,0.233617
Scale=1.975,1.975,1.975
Flags=1

