[ENTRY]
ID=151028931
Asset=CL-Dead-Rotted_Forest5#CL-Dead-Rotted_Forest5
Name=9
Pos=83855,134.575,180439
Orient=0,0,0.15438,0.988012
Scale=1.35,1.35,1.35
Flags=1

[ENTRY]
ID=151028964
Asset=CL-Sick-Rotted_Forest4#CL-Sick-Rotted_Forest4
Name=9
Pos=83563.1,216.446,180340
Orient=0,0,0.0848974,0.99639
Scale=1.25,1.25,1.25
Flags=1

[ENTRY]
ID=151039730
Asset=Manipulator-SpawnPoint
Name=9
Pos=83612.5,132.657,180727
Orient=0,0,0,1
Scale=1,1,1
Layer=151004604

