[ENTRY]
ID=151051428
Asset=Manipulator-PathNode
Name=9
Pos=83377.9,274.475,159991
Orient=0,0,0,1
Scale=1,1,1

[ENTRY]
ID=151051429
Asset=Manipulator-SpawnPoint
Name=9
Pos=83664.7,203.319,159891
Orient=0,-0.789504,0,0.613746
Scale=1,1,1
Layer=151009106

[ENTRY]
ID=151051430
Asset=Manipulator#Manipulator-PathNode
Name=9
Pos=83477.6,195.151,160139
Orient=0,0,0,1
Scale=1,1,1

[ENTRY]
ID=151051431
Asset=Manipulator-PathNode
Name=9
Pos=83474.6,211.855,160348
Orient=0,0,0,1
Scale=1,1,1

