[ENTRY]
ID=151052534
Asset=Manipulator-SpawnPoint
Name=9
Pos=83579.2,397.282,141764
Orient=0,0,0,1
Scale=1,1,1
Layer=151009544

[ENTRY]
ID=151052575
Asset=Manipulator-SpawnPoint
Name=9
Pos=83531,334.394,142118
Orient=0,-0.999983,0,0.00579636
Scale=1,1,1
Layer=151009581

