[ENTRY]
ID=151042903
Asset=Forest?d=0.9&amp;s=123549&amp;sz=900
Name=9
Pos=83885.1,204.707,161080
Orient=0,-0.585099,0,0.810962
Scale=1.675,1.675,1.675
Flags=1

[ENTRY]
ID=151056238
Asset=Manipulator-SpawnPoint
Name=9
Pos=83309.2,269.971,161169
Orient=0,0.568762,0,0.822502
Scale=1,1,1
Layer=151010979

[ENTRY]
ID=151056239
Asset=Manipulator#Manipulator-PathNode
Name=9
Pos=83279.9,266.256,160571
Orient=0,0,0,1
Scale=1,1,1

