[ENTRY]
ID=151012681
Asset=CL-Mushroom_Rotted2#CL-Mushroom_Rotted2
Name=9
Pos=83885.3,503.852,170998
Orient=0,0,0,1
Scale=1.825,1.825,1.825
Flags=1

[ENTRY]
ID=151015506
Asset=CL-RottedPine4#CL-RottedPine4
Name=9
Pos=83972.4,756.423,170932
Orient=0,0.514136,0,0.857709
Scale=3.525,3.525,3.525
Flags=1

