[ENTRY]
ID=151040003
Asset=CL-SnowyPine3
Name=9
Pos=83841,1392.84,39538
Orient=0,0,0,1
Scale=1.975,1.975,1.975
Flags=1

[ENTRY]
ID=151040005
Asset=CL-SnowyPine4
Name=9
Pos=83323,1380.28,39722
Orient=0,0,0,1
Scale=2.225,2.225,2.225
Flags=1

[ENTRY]
ID=151040006
Asset=CL-SnowyPine2
Name=9
Pos=83448,1028.56,39073
Orient=0,-0.188859,0,0.982004
Scale=4.425,4.425,4.425
Flags=1

[ENTRY]
ID=151040079
Asset=CL-SnowyPine1
Name=9
Pos=83251,1378.54,39717
Orient=0,0,0,1
Scale=2.875,2.875,2.875
Flags=1

