[ENTRY]
ID=151041267
Asset=Forest?d=0.9&amp;s=811812&amp;sz=800
Name=9
Pos=83937,418.659,144284
Orient=0,-0.822955,0,-0.568107
Scale=1.575,1.575,1.575
Flags=1

[ENTRY]
ID=151052139
Asset=Manipulator-SpawnPoint
Name=9
Pos=83872.5,452.174,144571
Orient=0,0,0,1
Scale=1,1,1
Layer=151009379

