[ENTRY]
ID=151012582
Asset=CL-Dead-Forest2#CL-Dead-Forest2
Name=9
Pos=83683.3,204.301,168077
Orient=0,0.909297,0,-0.416147
Scale=2.425,2.425,2.425
Flags=1

[ENTRY]
ID=151025458
Asset=CL-Rotted_Flora6#CL-Rotted_Flora6
Name=9
Pos=83572,209.511,168012
Orient=0,-0.741297,0,0.671178
Scale=2,2,2
Flags=1

