[ENTRY]
ID=151012419
Asset=CL-Mushroom_Rotted3#CL-Mushroom_Rotted3
Name=9
Pos=84539.6,383.187,176239
Orient=0,0,0,1
Scale=1.45,1.45,1.45
Flags=1

[ENTRY]
ID=151026558
Asset=Prop-Mushroom_Glowpod#Prop-Mushroom_Glowpod1
Name=9
Pos=84189.5,301.399,175559
Orient=0,0,0,1
Scale=2.9,2.9,2.9
Flags=1

[ENTRY]
ID=151026559
Asset=Prop-Mushroom_Glowpod2
Name=9
Pos=84177.1,296.21,175576
Orient=0,0.930216,0,0.367013
Scale=2.6,2.6,2.6
Flags=1

