[ENTRY]
ID=151015495
Asset=Prop-Burnt_Pines#Prop-Burnt_Pine4
Name=9
Pos=84689.2,632.952,170008
Orient=0,0,0,1
Scale=2.3,2.3,2.3
Flags=1

[ENTRY]
ID=151015500
Asset=CL-RottedPine5
Name=9
Pos=84417.3,678.991,170096
Orient=0,0.849481,0,0.52762
Scale=2.95,2.95,2.95
Flags=1

