[ENTRY]
ID=151028950
Asset=Prop-Boulder5
Name=9
Pos=84157.9,63.0942,181152
Orient=0,0,0,1
Scale=1.625,1.625,1.625
Flags=1

[ENTRY]
ID=151028951
Asset=Prop-Boulder4
Name=9
Pos=84189,63.5462,181162
Orient=-0.0207369,-0.919538,-0.0791573,-0.384388
Scale=1.425,1.425,1.425
Flags=1

[ENTRY]
ID=151028952
Asset=Prop-Boulder4
Name=9
Pos=84188.5,74.2771,181132
Orient=0,-0.648034,0,0.761612
Scale=1.35,1.35,1.35
Flags=1

[ENTRY]
ID=151028953
Asset=Effects#Par-Rotted_Spew-Emitter
Name=9
Pos=84173.3,73.2262,181147
Orient=0,0,0,1
Scale=3.725,3.725,3.725
Flags=1

