[ENTRY]
ID=151016079
Asset=Prop-Mushroom-Spewing_Tall1
Name=9
Pos=84307.1,28.3818,181500
Orient=0,-0.999991,0,-0.00420359
Scale=2.45,2.45,2.45
Flags=1

