[ENTRY]
ID=151052536
Asset=Manipulator-SpawnPoint
Name=9
Pos=84203.6,388.443,141475
Orient=0,0,0,1
Scale=1,1,1
Layer=151009546

[ENTRY]
ID=151052538
Asset=Manipulator-SpawnPoint
Name=9
Pos=84282.2,418.668,141249
Orient=0,0.539632,0,0.841901
Scale=0.9,0.9,0.9
Layer=151009548

