[ENTRY]
ID=151052097
Asset=Manipulator-SpawnPoint
Name=9
Pos=84625.7,302.461,146592
Orient=0,0,0,1
Scale=1,1,1
Layer=151009353

[ENTRY]
ID=151052235
Asset=Manipulator-SpawnPoint
Name=9
Pos=84221.2,202.646,146472
Orient=0,-0.109778,0,0.993956
Scale=1,1,1
Layer=151009434

[ENTRY]
ID=151052242
Asset=Manipulator-SpawnPoint
Name=9
Pos=84130,195.468,146480
Orient=0,-0.999899,0,-0.0142031
Scale=1,1,1
Layer=151009436

