[ENTRY]
ID=151024651
Asset=Prop-WaterFall#Prop-WaterFall_WideLong
Name=9
Pos=84444.1,-77.0369,138072
Orient=0,-0.713864,0,0.700285
Scale=1.15,1.15,1.15
Flags=1

[ENTRY]
ID=151052565
Asset=Manipulator-SpawnPoint
Name=9
Pos=84328.8,331.429,138518
Orient=0,0,0,1
Scale=1,1,1
Layer=151009571

[ENTRY]
ID=151052611
Asset=Manipulator-SpawnPoint
Name=9
Pos=84154.5,254.409,138287
Orient=0,0,0,1
Scale=1,1,1
Layer=151009594

