[ENTRY]
ID=151017719
Asset=Manipulator-SpawnPoint
Name=9
Pos=84732.8,394.659,180231
Orient=0,0,0,1
Scale=1,1,1
Flags=1
Layer=150998944

[ENTRY]
ID=151028929
Asset=CL-Dead-Rotted_Forest4#CL-Dead-Rotted_Forest4
Name=9
Pos=84290.3,78.5295,180077
Orient=-0.139484,-0.989794,0.00407458,-0.0289137
Scale=1,1,1
Flags=1

[ENTRY]
ID=151028938
Asset=CL-Sick-Rotted_Forest3#CL-Sick-Rotted_Forest3
Name=9
Pos=84737.2,124.022,180227
Orient=0,0,0,1
Scale=2.3,2.3,2.3
Flags=1

[ENTRY]
ID=151039729
Asset=Manipulator-SpawnPoint
Name=9
Pos=84512.3,144.487,180368
Orient=0,0,0,1
Scale=1,1,1
Layer=151004603

