[ENTRY]
ID=151012575
Asset=CL-Sick-Rotted_Forest2#CL-Sick-Rotted_Forest2
Name=9
Pos=84445.3,180.074,169185
Orient=0,0,0,1
Scale=2.325,2.325,2.325
Flags=1

[ENTRY]
ID=151012578
Asset=CL-Sick-Rotted_Forest4#CL-Sick-Rotted_Forest4
Name=9
Pos=84630.9,174.448,168788
Orient=0,-0.0549723,0,0.998488
Scale=1,1,1
Flags=1

