[ENTRY]
ID=151052206
Asset=Manipulator-SpawnPoint
Name=9
Pos=84685.2,408.076,147415
Orient=0,0,0,1
Scale=1,1,1
Layer=151009422

[ENTRY]
ID=151052217
Asset=Manipulator-SpawnPoint
Name=9
Pos=84749.8,424.004,147729
Orient=0,-0.926499,0,0.376297
Scale=1,1,1
Layer=151009431

