[ENTRY]
ID=151040969
Asset=Prop-Dungeon-Entrance-Mine1#Prop-Dungeon-Entrance-Mine1
Name=9
Pos=85378.8,767.141,165305
Orient=0.0416069,0.379803,-0.0171027,0.923973
Scale=1.85,1.85,1.85
Flags=1

[ENTRY]
ID=151040993
Asset=CL-GrunsBush_1#CL-GrunsBush_1
Name=9
Pos=85432.8,726.354,165452
Orient=0,0,0,1
Scale=2.4,2.4,2.4
Flags=1

[ENTRY]
ID=151040998
Asset=CL-GrunsBush_4#CL-GrunsBush_4
Name=9
Pos=85457.5,731.958,165359
Orient=0,0.862404,0,0.50622
Scale=1.875,1.875,1.875

[ENTRY]
ID=151041025
Asset=Prop-Boulder_Scary#Prop-Boulder_Scary5
Name=9
Pos=85379.5,770.106,165309
Orient=0,0,0,1
Scale=0.45,0.45,0.45
Flags=1

