[ENTRY]
ID=151002247
Asset=Forest?d=0.9&amp;s=123456&amp;sz=900
Name=9
Pos=85177.7,383.722,152995
Orient=0,-0.188859,0,0.982004
Scale=1,1,1
Flags=1

[ENTRY]
ID=151052729
Asset=Manipulator-SpawnPoint
Name=9
Pos=85400.1,220.101,152966
Orient=0,0,0,1
Scale=1,1,1
Layer=151009659

[ENTRY]
ID=151053471
Asset=Manipulator-SpawnPoint
Name=9
Pos=85360.4,346.325,152362
Orient=0,0,0,1
Scale=1,1,1
Layer=151010014

[ENTRY]
ID=151053499
Asset=Manipulator-SpawnPoint
Name=9
Pos=85055.4,266.268,152717
Orient=0,0,0,1
Scale=1,1,1
Layer=151010020

