[ENTRY]
ID=151026541
Asset=Prop-Mushroom_Glowpod2
Name=9
Pos=85165.7,215.358,176247
Orient=0.184162,0.904291,-0.142358,0.357879
Scale=3,3,3
Flags=1

[ENTRY]
ID=151026549
Asset=Prop-Mushroom_Glowpod1
Name=9
Pos=85180.7,216.115,176242
Orient=0.127939,0.791721,-0.16252,0.574801
Scale=1.375,1.375,1.375
Flags=1

