[ENTRY]
ID=151053472
Asset=Manipulator-SpawnPoint
Name=9
Pos=85415.8,331.462,152010
Orient=0,0,0,1
Scale=1,1,1
Layer=151010015

[ENTRY]
ID=151053480
Asset=Manipulator-SpawnPoint
Name=9
Pos=85012.9,383.232,152214
Orient=0,0,0,1
Scale=1,1,1
Layer=151010016

[ENTRY]
ID=151053757
Asset=Manipulator-SpawnPoint
Name=9
Pos=84891.7,435.419,151970
Orient=0,0.99871,0,0.0507745
Scale=1,1,1
Layer=151010081

