[ENTRY]
ID=151012574
Asset=CL-Sick-Rotted_Forest1#CL-Sick-Rotted_Forest1
Name=9
Pos=85154.8,153.133,168766
Orient=0,0,0,1
Scale=2.65,2.65,2.65
Flags=1

[ENTRY]
ID=151015488
Asset=CL-RottedPine2#CL-RottedPine2
Name=9
Pos=85314.4,346.637,169443
Orient=-0.0890979,-0.130896,-0.00619939,0.987365
Scale=4,4,4
Flags=1

[ENTRY]
ID=151015617
Asset=Prop-Amber_Flow1#Prop-Amber_Flow1
Name=9
Pos=85337.1,344.149,169408
Orient=0,-0.688921,0,0.724836
Scale=1,1,1

