[ENTRY]
ID=151052872
Asset=Manipulator-SpawnPoint
Name=9
Pos=84914.1,269.378,159098
Orient=0,0,0,1
Scale=1,1,1
Layer=151009749

[ENTRY]
ID=151052873
Asset=Manipulator-SpawnPoint
Name=9
Pos=85361,253.819,159327
Orient=0,0.203567,0,0.979061
Scale=1,1,1
Layer=151009750

