[ENTRY]
ID=151012739
Asset=CL-Sick-Forest3#CL-Sick-Forest3
Name=9
Pos=86155.6,262.947,173173
Orient=0,0.862404,0,0.50622
Scale=1.8,1.8,1.8
Flags=1

[ENTRY]
ID=151024481
Asset=Manipulator-SpawnPoint
Name=9
Pos=85976,394.926,172653
Orient=0,0,0,1
Scale=1,1,1
Layer=151000451

