[ENTRY]
ID=151027740
Asset=Prop-Dungeon_Chain1
Name=9
Pos=85541.7,504.719,174472
Orient=0,-0.19867,0,0.980066
Scale=2.275,2.275,2.275

[ENTRY]
ID=151027741
Asset=Prop-Dungeon_Chain1
Name=9
Pos=85519.7,464.767,174460
Orient=0,-0.977865,0,0.209238
Scale=1.8,1.8,1.8

[ENTRY]
ID=151027744
Asset=Prop-Treekin_Dead4
Name=9
Pos=85687.6,421.215,174534
Orient=0,-0.99794,0,-0.0641593
Scale=3.4,3.4,3.4

