[ENTRY]
ID=151054662
Asset=Par-Waves-1-Emitter
Name=9
Pos=86132,60.9696,131813
Orient=0,-0.999168,0,0.0407852
Scale=2,2,2
Flags=1

