[ENTRY]
ID=151002250
Asset=Forest?d=0.9&amp;s=132457&amp;sz=900
Name=9
Pos=85686.5,390.979,152695
Orient=0,-0.188859,0,0.982004
Scale=1.475,1.475,1.475
Flags=1

[ENTRY]
ID=151052728
Asset=Manipulator-SpawnPoint
Name=9
Pos=85976.1,211.268,152778
Orient=0,0,0,1
Scale=1,1,1
Layer=151009658

[ENTRY]
ID=151053470
Asset=Manipulator-SpawnPoint
Name=9
Pos=85765.6,279.359,152329
Orient=0,0,0,1
Scale=1,1,1
Layer=151010013

