[ENTRY]
ID=151041272
Asset=Forest?d=0.9&amp;s=811812&amp;sz=800
Name=9
Pos=85576.1,337.221,146561
Orient=0,-0.822955,0,-0.568107
Scale=2.3,2.3,2.3
Flags=1

[ENTRY]
ID=151052086
Asset=Manipulator-SpawnPoint
Name=9
Pos=86101.7,246.129,146618
Orient=0,0,0,1
Scale=1,1,1
Layer=151009342

[ENTRY]
ID=151052088
Asset=Manipulator-SpawnPoint
Name=9
Pos=85719.8,331.475,146286
Orient=0,0,0,1
Scale=1,1,1
Layer=151009344

[ENTRY]
ID=151052093
Asset=Manipulator-SpawnPoint
Name=9
Pos=85604.1,322.891,146964
Orient=0,0,0,1
Scale=1,1,1
Layer=151009349

