[ENTRY]
ID=151052784
Asset=Manipulator-SpawnPoint
Name=9
Pos=86042.5,250.305,151824
Orient=0,-0.810497,0,0.585743
Scale=1,1,1
Layer=151009698

[ENTRY]
ID=151052785
Asset=Manipulator#Manipulator-PathNode
Name=9
Pos=86064.3,249.192,152035
Orient=0,0,0,1
Scale=1,1,1

[ENTRY]
ID=151052786
Asset=Manipulator-PathNode
Name=9
Pos=86195.7,239.527,152185
Orient=0,0,0,1
Scale=1,1,1

