[ENTRY]
ID=150995901
Asset=Prop-Rock1
Name=9
Pos=86189.3,152.589,168450
Orient=0,-0.789504,0,0.613746
Scale=2.95,2.95,2.95
Flags=1

