[ENTRY]
ID=151001671
Asset=Forest?d=0.9&amp;s=812387&amp;sz=800
Name=9
Pos=85694,250.01,155655
Orient=0,0.640385,0,0.768054
Scale=1.4,1.4,1.4
Flags=1

[ENTRY]
ID=151052657
Asset=Manipulator-SpawnPoint
Name=9
Pos=85818.4,230.878,155399
Orient=0,0,0,1
Scale=1,1,1
Layer=151009621

[ENTRY]
ID=151052958
Asset=Manipulator#Manipulator-PathNode
Name=9
Pos=85672.9,292.536,155964
Orient=0,0,0,1
Scale=1,1,1

