[ENTRY]
ID=151032067
Asset=Prop-Boulder7
Name=9
Pos=86802.7,92.5282,130987
Orient=-0.0453794,0.906833,0.0209433,-0.418517
Scale=2.725,2.725,2.725
Flags=1

