[ENTRY]
ID=151012539
Asset=Dead-Rotted_Forest?d=0.9&amp;s=871817&amp;sz=800
Name=9
Pos=86489.3,280.62,168984
Orient=0,-0.548024,0,0.836463
Scale=1.525,1.525,1.525
Flags=1

