[ENTRY]
ID=151026204
Asset=Prop-Mushroom-Spewing_Tall2
Name=9
Pos=86368.2,322.866,176951
Orient=0,0.877201,0,0.480124
Scale=3.175,3.175,3.175
Flags=1

[ENTRY]
ID=151026205
Asset=CL-Rotted_Flora2
Name=9
Pos=86285.3,332.296,176910
Orient=0,0,0,1
Scale=1.65,1.65,1.65
Flags=1

