[ENTRY]
ID=151002315
Asset=Forest?d=0.9&amp;s=132490&amp;sz=900
Name=9
Pos=86811.8,366.644,153333
Orient=0,-0.169183,0,0.985585
Scale=1.35,1.35,1.35
Flags=1

[ENTRY]
ID=151052685
Asset=Manipulator-SpawnPoint
Name=9
Pos=86502.4,204.585,153541
Orient=0,0,0,1
Scale=1,1,1
Layer=151009636

[ENTRY]
ID=151052733
Asset=Manipulator-SpawnPoint
Name=9
Pos=86927.7,215.331,153407
Orient=0,0,0,1
Scale=1,1,1
Layer=151009663

