[ENTRY]
ID=151015058
Asset=Prop-Bush_Rotted3#Prop-Bush_Rotted3
Name=9
Pos=86717.1,436.185,177645
Orient=0,0,0,1
Scale=2.35,2.35,2.35
Flags=1

[ENTRY]
ID=151015060
Asset=Prop-Bush_Rotted2#Prop-Bush_Rotted2
Name=9
Pos=86692.9,435.74,177666
Orient=0,0,0,1
Scale=1,1,1
Flags=1

[ENTRY]
ID=151026206
Asset=CL-Rotted_Flora2
Name=9
Pos=86346.4,336.307,177051
Orient=0,-0.747971,0,0.663731
Scale=1.65,1.65,1.65
Flags=1

[ENTRY]
ID=151039697
Asset=Manipulator#Manipulator-PathNode
Name=9
Pos=86283.1,347.456,177114
Orient=0,0,0,1
Scale=1,1,1

