[ENTRY]
ID=151041271
Asset=Forest?d=0.9&amp;s=811812&amp;sz=800
Name=9
Pos=86974.4,419.624,145769
Orient=0,-0.822955,0,-0.568107
Scale=1.575,1.575,1.575
Flags=1

[ENTRY]
ID=151052072
Asset=Manipulator-SpawnPoint
Name=9
Pos=86809.1,333.935,145685
Orient=0,0,0,1
Scale=1,1,1
Layer=151009333

[ENTRY]
ID=151052073
Asset=Manipulator-SpawnPoint
Name=9
Pos=86256,356.313,145789
Orient=0,0,0,1
Scale=1,1,1
Layer=151009334

