[ENTRY]
ID=151052202
Asset=Manipulator-SpawnPoint
Name=9
Pos=86368,280.835,147951
Orient=0,0.928369,0,0.37166
Scale=1,1,1
Layer=151009420

[ENTRY]
ID=151055755
Asset=Manipulator-SpawnPoint
Name=9
Pos=86556.1,171.867,147795
Orient=0,0,0,1
Scale=0.475,0.475,0.475
Layer=151010753

[ENTRY]
ID=151055757
Asset=Manipulator-SpawnPoint
Name=9
Pos=86867.1,171.759,147769
Orient=0,0,0,1
Scale=0.475,0.475,0.475
Layer=151010753

