[ENTRY]
ID=151018120
Asset=Prop-Boulder2
Name=9
Pos=86945,592.155,173427
Orient=0,-0.20846,0,0.978031
Scale=3.3,3.3,3.3
Flags=1

[ENTRY]
ID=151018614
Asset=Prop-Bush-Med2
Name=9
Pos=86927.4,640.568,173437
Orient=0,0,0,1
Scale=3.9,3.9,3.9
Flags=1

