[ENTRY]
ID=151008389
Asset=Manipulator-SpawnPoint
Name=9
Pos=87003.3,558.672,140899
Orient=0,-0.531186,0,0.847255
Scale=1,1,1
Layer=150996636

[ENTRY]
ID=151008401
Asset=Manipulator-SpawnPoint
Name=9
Pos=87517.3,375.59,140522
Orient=0,0,0,1
Scale=1,1,1
Layer=150996642

[ENTRY]
ID=151008416
Asset=Manipulator-SpawnPoint
Name=9
Pos=87210.4,373.395,140454
Orient=0,0,0,1
Scale=1,1,1
Layer=150996650

