[ENTRY]
ID=151015070
Asset=Prop-Treekin_Pile1
Name=9
Pos=87100.7,1022.37,179742
Orient=0,0.632673,0,0.774419
Scale=1.8,1.8,1.8

[ENTRY]
ID=151025987
Asset=Manipulator-SpawnPoint
Name=9
Pos=87316,591.15,179277
Orient=0,0,0,1
Scale=1,1,1
Flags=1
Layer=151000892

