[ENTRY]
ID=151052666
Asset=Manipulator-SpawnPoint
Name=9
Pos=87031,124.109,155113
Orient=0,0.966185,0,0.25785
Scale=1,1,1
Layer=151009628

[ENTRY]
ID=151052789
Asset=Manipulator-SpawnPoint
Name=9
Pos=87594.3,123.624,155182
Orient=0,0,0,1
Scale=1,1,1
Layer=151009700

[ENTRY]
ID=151052790
Asset=Manipulator-SpawnPoint
Name=9
Pos=87748.1,132.578,154675
Orient=0,0,0,1
Scale=1,1,1
Layer=151009701

[ENTRY]
ID=151052799
Asset=Manipulator-SpawnPoint
Name=9
Pos=87319,90.3868,154889
Orient=0,0,0,1
Scale=1,1,1
Layer=151009705

