[ENTRY]
ID=151053028
Asset=Manipulator-SpawnPoint
Name=9
Pos=87333.3,169.412,152118
Orient=0,-0.988134,0,-0.153593
Scale=0.975,0.975,0.975
Layer=151009838

[ENTRY]
ID=151053029
Asset=Manipulator-SpawnPoint
Name=9
Pos=87030,165.74,151960
Orient=0,0.98545,0,0.169967
Scale=1,1,1
Layer=151009839

[ENTRY]
ID=151053034
Asset=Manipulator#Manipulator-PathNode
Name=9
Pos=87520.9,173.029,152159
Orient=0,0,0,1
Scale=1,1,1

