[ENTRY]
ID=151054657
Asset=Effects#Par-Waves-1-Emitter
Name=9
Pos=87135.4,60.9696,131181
Orient=0,-0.960835,0,0.277121
Scale=1,1,1
Flags=1

[ENTRY]
ID=151054658
Asset=Effects#Par-Waves-1-Emitter
Name=9
Pos=87570.5,60.3051,130949
Orient=0,0.823984,0,-0.566613
Scale=1,1,1
Flags=1

[ENTRY]
ID=151054661
Asset=Par-Waves-1-Emitter
Name=9
Pos=87570.5,60.3051,130845
Orient=0,0.823984,0,-0.566613
Scale=1,1,1

