[ENTRY]
ID=151042651
Asset=Forest?d=0.9&amp;s=811872&amp;sz=800
Name=9
Pos=87276.7,440.29,145897
Orient=0,-0.867423,0,0.497571
Scale=1.575,1.575,1.575
Flags=1

[ENTRY]
ID=151052075
Asset=Manipulator#Manipulator-PathNode
Name=9
Pos=87332,488.197,145680
Orient=0,0,0,1
Scale=1,1,1

[ENTRY]
ID=151052076
Asset=Manipulator-PathNode
Name=9
Pos=87169.3,481.134,145770
Orient=0,0,0,1
Scale=1,1,1

[ENTRY]
ID=151052080
Asset=Manipulator-SpawnPoint
Name=9
Pos=87649.3,268.856,145952
Orient=0,0,0,1
Scale=1,1,1
Layer=151009336

