[ENTRY]
ID=151017110
Asset=CL-UndeadTree1#CL-UndeadTree1
Name=9
Pos=87306.3,789.964,160433
Orient=0,0,0,1
Scale=1.725,1.725,1.725

[ENTRY]
ID=151017111
Asset=Prop-Burnt_Pine1
Name=9
Pos=87178.1,809.907,160485
Orient=0.00998971,0.00044984,0.0449825,0.998938
Scale=3.85,3.85,3.85
Flags=1

[ENTRY]
ID=151028363
Asset=Manipulator-SpawnPoint
Name=9
Pos=87707.3,789.321,160425
Orient=0,0,0,1
Scale=1,1,1
Layer=151001272

[ENTRY]
ID=151028371
Asset=Manipulator-PathNode
Name=9
Pos=87014.1,910.501,160249
Orient=0,0,0,1
Scale=1,1,1

[ENTRY]
ID=151028372
Asset=Manipulator-PathNode
Name=9
Pos=87225.7,860.044,160267
Orient=0,0,0,1
Scale=1,1,1

