[ENTRY]
ID=151032063
Asset=Prop-Nordic_Props#Prop-Boat_Parts2
Name=9
Pos=87789.3,53.8866,131082
Orient=-0.162589,0.919576,0.173055,0.313044
Scale=2.9,2.9,2.9
Flags=1

[ENTRY]
ID=151054647
Asset=Par-Waves-1-Emitter
Name=9
Pos=88447.2,73.1386,131034
Orient=0,0.93138,0,0.364049
Scale=1.4,1.4,1.4
Flags=1

