[ENTRY]
ID=151057467
Asset=Manipulator-SpawnPoint
Name=9
Pos=88261.2,459.197,142826
Orient=0,-0.688921,0,0.724836
Scale=1,1,1
Layer=151011656

[ENTRY]
ID=151057468
Asset=Manipulator#Manipulator-PathNode
Name=9
Pos=88296.2,564.009,143186
Orient=0,0,0,1
Scale=1,1,1

[ENTRY]
ID=151057469
Asset=Manipulator-SpawnPoint
Name=9
Pos=87835.3,525.746,143237
Orient=0,0,0,1
Scale=1,1,1
Layer=151011657

