[ENTRY]
ID=151012755
Asset=CL-Mushroom_Rotted3#CL-Mushroom_Rotted3
Name=9
Pos=88457.5,301.47,167467
Orient=0,0,0.0284036,-0.999597
Scale=1,1,1
Flags=1

[ENTRY]
ID=151024786
Asset=Manipulator-SpawnPoint
Name=9
Pos=87922,322.484,167610
Orient=0,0,0,1
Scale=1,1,1
Layer=151000564

[ENTRY]
ID=151039936
Asset=Manipulator#Manipulator-PathNode
Name=9
Pos=88456.2,346.077,167277
Orient=0,0,0,1
Scale=1,1,1

