[ENTRY]
ID=151057478
Asset=Manipulator-SpawnPoint
Name=9
Pos=88178.1,368.482,144112
Orient=0,0,0,1
Scale=1,1,1
Layer=151011664

[ENTRY]
ID=151057479
Asset=Manipulator-SpawnPoint
Name=9
Pos=87994.6,275.618,144499
Orient=0,0,0,1
Scale=1,1,1
Layer=151011665

[ENTRY]
ID=151057480
Asset=Manipulator-SpawnPoint
Name=9
Pos=88417,382.048,144194
Orient=0,0.439462,0,0.898261
Scale=1,1,1
Layer=151011666

