[ENTRY]
ID=151054651
Asset=Effects#Par-Waves-1-Emitter
Name=9
Pos=89218.4,60.6458,131878
Orient=0,-0.986549,0,-0.163467
Scale=1.3,1.3,1.3
Flags=1

[ENTRY]
ID=151057411
Asset=Manipulator-PathNode
Name=9
Pos=88793.8,133.99,131896
Orient=0,0,0,1
Scale=1,1,1

[ENTRY]
ID=151057412
Asset=Manipulator-PathNode
Name=9
Pos=88842.4,103.205,131688
Orient=0,0,0,1
Scale=1,1,1

