[ENTRY]
ID=151028585
Asset=Manipulator-SpawnPoint
Name=9
Pos=88528.6,669.974,162438
Orient=0,0,0,1
Scale=1,1,1
Layer=151001348

[ENTRY]
ID=151028595
Asset=Manipulator-SpawnPoint
Name=9
Pos=89187.8,802.197,162207
Orient=0,0.995881,0,0.0906716
Scale=0.9,0.9,0.9
Layer=151001356

[ENTRY]
ID=151028598
Asset=Manipulator#Manipulator-PathNode
Name=9
Pos=88866.2,725.236,162215
Orient=0,0,0,1
Scale=1,1,1

[ENTRY]
ID=151028602
Asset=Manipulator-PathNode
Name=9
Pos=88727.2,709.364,162503
Orient=0,0,0,1
Scale=1,1,1

[ENTRY]
ID=151040921
Asset=CL-UndeadTree3#CL-UndeadTree3
Name=9
Pos=88989.9,725.183,162155
Orient=0,0,0,1
Scale=1,1,1
Flags=1

