[ENTRY]
ID=151054636
Asset=Effects#Par-Waves-1-Emitter
Name=9
Pos=89211.3,62.1474,130227
Orient=0,-0.886627,0,0.462485
Scale=1,1,1
Flags=1

