[ENTRY]
ID=151053013
Asset=Manipulator-SpawnPoint
Name=9
Pos=88644.5,160.7,152926
Orient=0,-0.624897,0,0.780707
Scale=1,1,1
Layer=151009829

[ENTRY]
ID=151053022
Asset=Manipulator-SpawnPoint
Name=9
Pos=88500,184.214,152608
Orient=0,0.699716,0,0.714421
Scale=1,1,1
Layer=151009834

