[ENTRY]
ID=151054653
Asset=Effects#Par-Waves-1-Emitter
Name=9
Pos=88580.7,82.2911,132649
Orient=0,-0.753524,0,-0.65742
Scale=1,1,1
Flags=1

[ENTRY]
ID=151057409
Asset=Manipulator-SpawnPoint
Name=9
Pos=88993,207.316,132255
Orient=0,0.91071,0,0.413046
Scale=1,1,1
Layer=151011621

[ENTRY]
ID=151057410
Asset=Manipulator#Manipulator-PathNode
Name=9
Pos=88877.7,155.277,132104
Orient=0,0,0,1
Scale=1,1,1

