[ENTRY]
ID=151040343
Asset=CL-UndeadTree2#CL-UndeadTree2
Name=9
Pos=89970.6,1130.77,158757
Orient=0,0,0.139543,0.990216
Scale=0.8,0.8,0.8
Flags=1

[ENTRY]
ID=151052853
Asset=Manipulator#Manipulator-PathNode
Name=9
Pos=89494,285.016,158321
Orient=0,0,0,1
Scale=1,1,1

[ENTRY]
ID=151052854
Asset=Manipulator-PathNode
Name=9
Pos=89318.6,303.065,158424
Orient=0,0,0,1
Scale=1,1,1

