[ENTRY]
ID=150995650
Asset=Prop-Bush-Med1#Prop-Bush-Med1
Name=9
Pos=89394.3,311.515,169571
Orient=0,0,0,1
Scale=1,1,1
Flags=1

[ENTRY]
ID=150995651
Asset=Prop-Bush-Med3#Prop-Bush-Med3
Name=9
Pos=89368.5,307.73,169514
Orient=0,0,0,1
Scale=1,1,1
Flags=1

[ENTRY]
ID=150995688
Asset=Prop-Small_Mushrooms#Prop-Small_Mushroom4
Name=9
Pos=89583.5,371.899,169905
Orient=-0.0799148,0,0,0.996802
Scale=1.95,1.95,1.95
Flags=1

