[ENTRY]
ID=151016193
Asset=CL-UndeadTree1
Name=9
Pos=89546.2,830.965,162082
Orient=0,0,0,1
Scale=3.275,3.275,3.275
Flags=1

[ENTRY]
ID=151028610
Asset=Manipulator-SpawnPoint
Name=9
Pos=89805.5,761.387,162534
Orient=0,0,0,1
Scale=1,1,1
Layer=151001359

[ENTRY]
ID=151028615
Asset=Manipulator-SpawnPoint
Name=9
Pos=89438,788.472,162357
Orient=0,0,0,1
Scale=1,1,1
Layer=151001360

[ENTRY]
ID=151028711
Asset=Manipulator-PathNode
Name=9
Pos=89834.9,889.044,162013
Orient=0,-0.0499792,0,0.99875
Scale=0.925,0.925,0.925

[ENTRY]
ID=151028713
Asset=Manipulator-PathNode
Name=9
Pos=89807.5,786.17,162250
Orient=0,-0.0499792,0,0.99875
Scale=0.925,0.925,0.925

