[ENTRY]
ID=151032456
Asset=CL-Hills_Tree5
Name=9
Pos=89410.2,433.57,135621
Orient=0,0.914795,0,0.403919
Scale=1.425,1.425,1.425
Flags=1

[ENTRY]
ID=151054002
Asset=Manipulator-SpawnPoint
Name=9
Pos=89556.5,406.314,135616
Orient=0,0,0,1
Scale=1,1,1
Layer=151010109

[ENTRY]
ID=151054063
Asset=Manipulator-SpawnPoint
Name=9
Pos=89873.7,359.395,135596
Orient=0,0,0,1
Scale=1,1,1
Layer=151010153

