[ENTRY]
ID=151052848
Asset=Manipulator-SpawnPoint
Name=9
Pos=89654.3,267.772,157520
Orient=0,-0.757842,0,0.652438
Scale=1,1,1
Layer=151009738

[ENTRY]
ID=151052850
Asset=Manipulator#Manipulator-PathNode
Name=9
Pos=89589.4,279.745,157840
Orient=0,0,0,1
Scale=1,1,1

[ENTRY]
ID=151052851
Asset=Manipulator-PathNode
Name=9
Pos=89595.1,278.535,158105
Orient=0,0,0,1
Scale=1,1,1

[ENTRY]
ID=151052852
Asset=Manipulator-SpawnPoint
Name=9
Pos=89631.6,281.264,158104
Orient=0,-0.724287,0,0.689498
Scale=1,1,1
Layer=151009739

