[ENTRY]
ID=151054638
Asset=Effects#Par-Waves-1-Emitter
Name=9
Pos=89376.7,60.1906,130660
Orient=0,-0.572867,0,0.819648
Scale=2,2,2
Flags=1

[ENTRY]
ID=151057404
Asset=Manipulator-SpawnPoint
Name=9
Pos=89971.9,188.703,130769
Orient=0,0,0,1
Scale=1,1,1
Layer=151011618

[ENTRY]
ID=151057420
Asset=Manipulator-SpawnPoint
Name=9
Pos=89668.7,83.2358,130743
Orient=0,0.632673,0,0.774419
Scale=1,1,1
Layer=151011629

