[ENTRY]
ID=151012619
Asset=Dead-Rotted_Forest?d=0.9&amp;s=81817&amp;sz=800
Name=9
Pos=90673.9,783.775,167440
Orient=0,-0.993486,0,-0.113955
Scale=0.75,0.75,0.75
Flags=1

[ENTRY]
ID=151012672
Asset=CL-Dead-Rotted_Forest4#CL-Dead-Rotted_Forest4
Name=9
Pos=90477.3,272.387,167532
Orient=0,0.979908,0,0.19945
Scale=1.65,1.65,1.65
Flags=1

[ENTRY]
ID=151039953
Asset=Manipulator-SpawnPoint
Name=9
Pos=90181.8,194.462,167815
Orient=0,0,0,1
Scale=1,1,1
Layer=151004739

