[ENTRY]
ID=151054633
Asset=Par-Waves-1-Emitter
Name=9
Pos=90552.2,61.5218,129852
Orient=0,-0.999875,0,0.0157955
Scale=1.5,1.5,1.5

[ENTRY]
ID=151057415
Asset=Manipulator-SpawnPoint
Name=9
Pos=90687.1,90.2162,130069
Orient=0,0,0,1
Scale=1,1,1
Layer=151011624

[ENTRY]
ID=151057416
Asset=Manipulator-SpawnPoint
Name=9
Pos=90456.4,111.048,130093
Orient=0,0,0,1
Scale=1,1,1
Layer=151011625

[ENTRY]
ID=151057417
Asset=Manipulator-SpawnPoint
Name=9
Pos=90156.8,115.714,130042
Orient=0,0,0,1
Scale=1,1,1
Layer=151011626

