[ENTRY]
ID=151040219
Asset=CL-GrunsBush_5#CL-GrunsBush_5
Name=9
Pos=90669.2,825.793,158225
Orient=0,0,0,1
Scale=2.325,2.325,2.325
Flags=1

[ENTRY]
ID=151040348
Asset=Prop-Boulder_Scary#Prop-Boulder_Scary3
Name=9
Pos=90212,722.32,157550
Orient=0,-0.568762,0,0.822502
Scale=1.45,1.45,1.45
Flags=1

