[ENTRY]
ID=151015216
Asset=CL-UndeadTree5#CL-UndeadTree5
Name=9
Pos=90076.1,893.902,160093
Orient=0,0.780209,0,0.625519
Scale=1,1,1
Flags=1

[ENTRY]
ID=151026973
Asset=Manipulator-SpawnPoint
Name=9
Pos=90139.2,832.003,160095
Orient=0,0.0299955,0,0.99955
Scale=1,1,1
Layer=151001045

[ENTRY]
ID=151027096
Asset=Manipulator-SpawnPoint
Name=9
Pos=90116.3,898.596,159877
Orient=0,0,0,1
Scale=1,1,1
Layer=151001064

[ENTRY]
ID=151028765
Asset=Manipulator-SpawnPoint
Name=9
Pos=90646.8,947.488,159830
Orient=0,0,0,1
Scale=1,1,1
Layer=151001391

