[ENTRY]
ID=151034490
Asset=CL-Autumn_Forest1#CL-Autumn_Forest1
Name=9
Pos=90943.8,471.959,131233
Orient=0,0.518418,0,0.855127
Scale=1.9,1.9,1.9
Flags=1

[ENTRY]
ID=151055959
Asset=Manipulator-SpawnPoint
Name=9
Pos=91070.7,413.051,131060
Orient=0,0,0,1
Scale=1,1,1
Layer=151010856

[ENTRY]
ID=151055960
Asset=Manipulator-SpawnPoint
Name=9
Pos=91031.5,403.272,130665
Orient=0,0,0,1
Scale=1,1,1
Layer=151010857

[ENTRY]
ID=151055963
Asset=Manipulator-SpawnPoint
Name=9
Pos=91364.4,393.726,130690
Orient=0,0,0,1
Scale=1,1,1
Layer=151010857

