[ENTRY]
ID=151053415
Asset=Manipulator-SpawnPoint
Name=9
Pos=92072.6,366.903,139154
Orient=0,-0.29552,0,0.955337
Scale=0.925,0.925,0.925
Layer=151009997

[ENTRY]
ID=151053423
Asset=Manipulator-SpawnPoint
Name=9
Pos=91849.8,259.094,139365
Orient=0,0,0,1
Scale=1,1,1
Layer=151010003

