[ENTRY]
ID=151040455
Asset=Prop-Palm-Tree3
Name=9
Pos=91641.5,278.208,148048
Orient=0.0107978,-0.0691046,-0.154002,0.985592
Scale=1.925,1.925,1.925

[ENTRY]
ID=151040457
Asset=Prop-Palm-Tree3
Name=9
Pos=91715.6,263.339,148112
Orient=0.219536,-0.972228,-0.00779563,0.080726
Scale=1.925,1.925,1.925

