[ENTRY]
ID=151034487
Asset=Prop-Autumn_Hill_Tree#Prop-Autumn_Hill_Tree1
Name=9
Pos=91598.9,391.545,130574
Orient=0,0,0,1
Scale=2.075,2.075,2.075

[ENTRY]
ID=151034493
Asset=Prop-Wooden_Tower
Name=9
Pos=91977.1,215.223,131209
Orient=0,0.15438,0,0.988012
Scale=4.275,4.275,4.275
Flags=1

[ENTRY]
ID=151034501
Asset=Prop-Boat_Parts2
Name=9
Pos=92154,510.686,130575
Orient=0.853154,-0.518896,-0.0156352,0.0512974
Scale=2.95,2.95,2.95

[ENTRY]
ID=151055962
Asset=Manipulator-SpawnPoint
Name=9
Pos=91581.1,392.862,130775
Orient=0,0,0,1
Scale=1,1,1
Layer=151010857

