[ENTRY]
ID=151055853
Asset=Manipulator-SpawnPoint
Name=9
Pos=91667.4,408.533,133201
Orient=0,0,0,1
Scale=1,1,1
Layer=151010769

[ENTRY]
ID=151055856
Asset=Manipulator-SpawnPoint
Name=9
Pos=91805.5,537.587,132760
Orient=0,0,0,1
Scale=1,1,1
Layer=151010772

[ENTRY]
ID=151055927
Asset=Manipulator-SpawnPoint
Name=9
Pos=92193.5,501.522,133036
Orient=0,0,0,1
Scale=1,1,1
Layer=151010842

[ENTRY]
ID=151055969
Asset=Manipulator-SpawnPoint
Name=9
Pos=91840.2,437.929,133066
Orient=0,0.361615,0,0.932328
Scale=1,1,1
Layer=151010863

