[ENTRY]
ID=151034485
Asset=Prop-Wooden_Tower
Name=9
Pos=92509,186.003,130962
Orient=0,0.0749297,0,0.997189
Scale=3.8,3.8,3.8
Flags=1

[ENTRY]
ID=151034492
Asset=CL-Autumn_Forest3#CL-Autumn_Forest3
Name=9
Pos=92714.8,456.103,131047
Orient=0,-0.891207,0,0.453596
Scale=1.45,1.45,1.45
Flags=1

