[ENTRY]
ID=150999889
Asset=CL-Plains_Bush2#CL-Plains_Bush2
Name=9
Pos=92431.8,385.548,131736
Orient=0,-0.707106,0,0.707107
Scale=1,1,1
Flags=1

[ENTRY]
ID=151055866
Asset=Manipulator-SpawnPoint
Name=9
Pos=92627.1,491.245,131925
Orient=0,0,0,1
Scale=1,1,1
Layer=151010782

