[ENTRY]
ID=151015195
Asset=Prop-Boulder_Scary#Prop-Boulder_Scary5
Name=9
Pos=92488.8,662.881,161992
Orient=0.81034,-0.0158596,-0.584647,0.0358416
Scale=1,1,1
Flags=1

[ENTRY]
ID=151017543
Asset=Prop-Lamp_Post_Undead#Prop-Lamp_Post_Undead3
Name=9
Pos=92630.7,637.696,161884
Orient=0,0,0,1
Scale=1.65,1.65,1.65

[ENTRY]
ID=151028805
Asset=Manipulator-SpawnPoint
Name=9
Pos=92809.6,873.943,161253
Orient=0,0,0,1
Scale=1,1,1
Layer=151001412

