[ENTRY]
ID=151028772
Asset=Manipulator-SpawnPoint
Name=9
Pos=92550.5,977.459,158068
Orient=0,0,0,1
Scale=1,1,1
Layer=151001395

[ENTRY]
ID=151040199
Asset=CL-GrunsBush_3#CL-GrunsBush_3
Name=9
Pos=92412.8,813.328,157734
Orient=0.188859,0,0,0.982004
Scale=3.75,3.75,3.75
Flags=1

[ENTRY]
ID=151040202
Asset=CL-GrunsBush_1#CL-GrunsBush_1
Name=9
Pos=92474.2,934.795,158139
Orient=0,0,0,1
Scale=2.375,2.375,2.375
Flags=1

[ENTRY]
ID=151040204
Asset=CL-GrunsBush_3#CL-GrunsBush_3
Name=9
Pos=92876.8,941.851,158049
Orient=0,0,0,1
Scale=2.5,2.5,2.5
Flags=1

