[ENTRY]
ID=151055385
Asset=Manipulator-SpawnPoint
Name=9
Pos=93261.5,496.361,134774
Orient=0,0,0,1
Scale=1,1,1
Layer=151010578

[ENTRY]
ID=151055418
Asset=Manipulator-SpawnPoint
Name=9
Pos=93022.8,482.359,134788
Orient=0,-0.999707,0,-0.0242012
Scale=1,1,1
Layer=151010611

[ENTRY]
ID=151055440
Asset=Manipulator-SpawnPoint
Name=9
Pos=93624.6,466.131,134986
Orient=0,0,0,1
Scale=1,1,1
Layer=151010621

[ENTRY]
ID=151055952
Asset=Manipulator-SpawnPoint
Name=9
Pos=93051.4,447.82,134334
Orient=0,0,0,1
Scale=1,1,1
Layer=151010853

