[ENTRY]
ID=151002370
Asset=Prop-Cave_Entrance1#Prop-Cave_Entrance1
Name=9
Pos=93145.7,1055.19,143828
Orient=0,0.994043,0,-0.108987
Scale=4.375,4.375,4.375
Flags=1

[ENTRY]
ID=151002371
Asset=Prop-Statue-HillGoliath#Prop-Statue-HillGoliath2
Name=9
Pos=93092.5,558.946,143523
Orient=0,0.114746,0,0.993395
Scale=10,10,10
Flags=1

[ENTRY]
ID=151051732
Asset=Manipulator-SpawnPoint
Name=9
Pos=93160.9,1021.49,143978
Orient=0,-0.844162,0,0.536088
Scale=1,1,1
Layer=151009234

[ENTRY]
ID=151051778
Asset=Manipulator-SpawnPoint
Name=9
Pos=93466.6,1036.93,143859
Orient=0,0.0749297,0,0.997189
Scale=1,1,1
Layer=151009245

