[ENTRY]
ID=151055394
Asset=Manipulator-SpawnPoint
Name=9
Pos=93915.4,472.506,138420
Orient=0,0,0,1
Scale=1,1,1
Layer=151010587

[ENTRY]
ID=151055407
Asset=Manipulator-SpawnPoint
Name=9
Pos=94384.8,402.532,138369
Orient=0,0,0,1
Scale=1,1,1
Layer=151010600

[ENTRY]
ID=151055482
Asset=Manipulator-SpawnPoint
Name=9
Pos=93795,393.442,138109
Orient=0,0.795602,0,0.60582
Scale=1,1,1
Layer=151010635

