[ENTRY]
ID=151016909
Asset=Prop-Giant_Mushroom#Prop-Giant_Mushroom3
Name=9
Pos=94463.7,626.581,150629
Orient=0,0,0,1
Scale=0.95,0.95,0.95
Flags=1

[ENTRY]
ID=151026815
Asset=Manipulator-SpawnPoint
Name=9
Pos=94497.2,615.115,150670
Orient=0,0.838759,0,0.544503
Scale=1,1,1
Layer=151001012

[ENTRY]
ID=151026836
Asset=Manipulator#Manipulator-PathNode
Name=9
Pos=93931.9,617.547,150664
Orient=0,0,0,1
Scale=1,1,1

[ENTRY]
ID=151026847
Asset=Manipulator-SpawnPoint
Name=9
Pos=93958.3,616.061,150666
Orient=0,0,0,1
Scale=1,1,1
Layer=151001014

