[ENTRY]
ID=151051832
Asset=Manipulator#Manipulator-PathNode
Name=9
Pos=93769.4,238.336,141154
Orient=0,0,0,1
Scale=1,1,1

[ENTRY]
ID=151051833
Asset=Manipulator-PathNode
Name=9
Pos=93887.5,247.8,141001
Orient=0,0,0,1
Scale=1,1,1

[ENTRY]
ID=151051837
Asset=Manipulator-SpawnPoint
Name=9
Pos=93857,233.585,141200
Orient=0,0.703279,0,0.710914
Scale=1,1,1
Layer=151009266

