[ENTRY]
ID=151054603
Asset=Effects#Par-Waves-1-Emitter
Name=9
Pos=94421.8,61.9259,129373
Orient=0,-0.947396,0,0.320063
Scale=2,2,2
Flags=1

[ENTRY]
ID=151054606
Asset=Effects#Par-Waves-1-Emitter
Name=9
Pos=93798.6,64.0882,129749
Orient=0,0.98764,0,-0.15674
Scale=1,1,1
Flags=1

