[ENTRY]
ID=151017120
Asset=Prop-Skrill_Mound
Name=9
Pos=94070.2,1435.68,154174
Orient=0,0.15438,0,0.988012
Scale=1.9,1.9,1.9
Flags=1

[ENTRY]
ID=151026940
Asset=Manipulator-SpawnPoint
Name=9
Pos=94036.5,1440.6,154276
Orient=0,0,0,1
Scale=1,1,1
Layer=151001036

