[ENTRY]
ID=151029213
Asset=Manipulator#Manipulator-PathNode
Name=9
Pos=95026.5,1180.27,158959
Orient=0,0,0,1
Scale=1,1,1

[ENTRY]
ID=151029214
Asset=Manipulator-PathNode
Name=9
Pos=94797.9,1161.93,158927
Orient=0,0,0,1
Scale=1,1,1

[ENTRY]
ID=151040159
Asset=CL-GrunsBush_4#CL-GrunsBush_4
Name=9
Pos=95178.9,914.612,158314
Orient=0,-0.692537,0,0.721383
Scale=2.5,2.5,2.5
Flags=1

[ENTRY]
ID=151040164
Asset=CL-GrunsBush_4#CL-GrunsBush_4
Name=9
Pos=94579.1,975.271,158561
Orient=0,0,0,1
Scale=1.775,1.775,1.775
Flags=1

