[ENTRY]
ID=151051572
Asset=Manipulator-SpawnPoint
Name=9
Pos=95019.6,252.168,147930
Orient=0,0.620986,0,0.783822
Scale=1,1,1
Layer=151009168

