[ENTRY]
ID=151051594
Asset=Manipulator-SpawnPoint
Name=9
Pos=94861.4,190.616,145442
Orient=0,-0.857299,0,0.514819
Scale=1,1,1
Layer=151009173

[ENTRY]
ID=151051690
Asset=Manipulator-SpawnPoint
Name=9
Pos=94535.6,268.036,144989
Orient=0,0,0,1
Scale=1,1,1
Layer=151009224

[ENTRY]
ID=151051693
Asset=Manipulator-SpawnPoint
Name=9
Pos=94575.9,249.913,145313
Orient=0,-0.854714,0,0.519099
Scale=0.925,0.925,0.925
Layer=151009225

