[ENTRY]
ID=151044616
Asset=Prop-Giant_Mushroom_Chopped#Prop-Giant_Mushroom_Stump
Name=9
Pos=95752.3,692.071,150491
Orient=-0.0969099,0.917298,-0.0170751,-0.385852
Scale=1.275,1.275,1.275
Flags=1

[ENTRY]
ID=151044809
Asset=CL-AridBush3#CL-AridBush3
Name=9
Pos=95595.5,709.756,150487
Orient=0,0,0,1
Scale=1.6,1.6,1.6
Flags=1

[ENTRY]
ID=151044812
Asset=CL-AridBush5#CL-AridBush5
Name=9
Pos=95758.1,717.277,150507
Orient=0,0,0,1
Scale=1,1,1
Flags=1

