[ENTRY]
ID=151055895
Asset=Manipulator-SpawnPoint
Name=9
Pos=95734.3,416.49,133359
Orient=0,0,0,1
Scale=1,1,1
Layer=151010811

[ENTRY]
ID=151055937
Asset=Manipulator-SpawnPoint
Name=9
Pos=95372.9,428.215,132800
Orient=0,0,0,1
Scale=1,1,1
Layer=151010847

[ENTRY]
ID=151055966
Asset=Manipulator-SpawnPoint
Name=9
Pos=95898.3,456.693,132880
Orient=0,0,0,1
Scale=1,1,1
Layer=151010860

[ENTRY]
ID=151055981
Asset=Manipulator-SpawnPoint
Name=9
Pos=95385.8,476.876,133283
Orient=0,0.674288,0,0.738469
Scale=0.975,0.975,0.975
Layer=151010869

