[ENTRY]
ID=151055894
Asset=Manipulator-SpawnPoint
Name=9
Pos=95765.9,392.863,133898
Orient=0,0,0,1
Scale=1,1,1
Layer=151010810

[ENTRY]
ID=151055967
Asset=Manipulator-SpawnPoint
Name=9
Pos=95387.3,392.053,133601
Orient=0,0,0,1
Scale=1,1,1
Layer=151010861

[ENTRY]
ID=151055994
Asset=Manipulator-SpawnPoint
Name=9
Pos=95615.3,393.672,134015
Orient=0,0.999023,0,-0.0441893
Scale=1,1,1
Layer=151010875

