[ENTRY]
ID=151054594
Asset=Effects#Par-Waves-1-Emitter
Name=9
Pos=95270.4,61.1423,129764
Orient=0,-0.877201,0,0.480124
Scale=2,2,2
Flags=1

