[ENTRY]
ID=151044605
Asset=Prop-Giant_Mushroom_Chopped1
Name=9
Pos=96016.8,753.367,150981
Orient=0,-0.41232,0,0.911039
Scale=1.75,1.75,1.75
Flags=1

[ENTRY]
ID=151044621
Asset=Prop-Giant_Mushroom_Chopped#Prop-Giant_Mushroom_Stump
Name=9
Pos=96465.7,733.241,151491
Orient=0,0,0,1
Scale=1.4,1.4,1.4
Flags=1

[ENTRY]
ID=151048308
Asset=Prop-Giant_Mushroom_Chopped#Prop-Giant_Mushroom_Chopped2
Name=9
Pos=96383.2,725.206,151319
Orient=0,0.149439,0,0.988771
Scale=1.75,1.75,1.75

