[ENTRY]
ID=151044627
Asset=Prop-Giant_Mushroom_Stump
Name=9
Pos=96060.5,724,150599
Orient=0.0369029,-0.996618,-0.0708839,-0.0191411
Scale=2.1,2.1,2.1
Flags=1

[ENTRY]
ID=151044628
Asset=Prop-Giant_Mushroom#Prop-Giant_Mushroom2
Name=9
Pos=96283.7,745.823,150735
Orient=0.0617582,-0.309162,-0.0201239,0.948789
Scale=3.375,3.375,3.375

[ENTRY]
ID=151044814
Asset=CL-AridBush1#CL-AridBush1
Name=9
Pos=96103.4,753.681,150717
Orient=0,0,0,1
Scale=2.125,2.125,2.125
Flags=1

