[ENTRY]
ID=151021043
Asset=Prop-Dvergar_Scaffolding
Name=9
Pos=96354.6,219.669,146250
Orient=0,0.104807,0,0.994493
Scale=5.575,5.575,5.575
Flags=1

[ENTRY]
ID=151021066
Asset=Prop-Swineland-Junk_Pile2
Name=9
Pos=96521.4,404.514,146348
Orient=0,-0.227977,0,0.973666
Scale=1.15,1.15,1.15
Flags=1

