[ENTRY]
ID=151056466
Asset=Manipulator-SpawnPoint
Name=9
Pos=96472.2,386.97,138266
Orient=0,0,0,1
Scale=1,1,1
Layer=151011105

[ENTRY]
ID=151056497
Asset=Manipulator-SpawnPoint
Name=9
Pos=96482.2,305.549,138607
Orient=0,-0.999816,0,-0.0192024
Scale=1,1,1
Layer=151011124

[ENTRY]
ID=151056502
Asset=Manipulator-PathNode
Name=9
Pos=96667.2,284.047,138568
Orient=0,0,0,1
Scale=1,1,1

