[ENTRY]
ID=151056430
Asset=Manipulator-SpawnPoint
Name=9
Pos=96062.4,424.668,141918
Orient=0,0,0,1
Scale=1,1,1
Layer=151011069

[ENTRY]
ID=151056433
Asset=Manipulator-SpawnPoint
Name=9
Pos=96393.4,440.753,142232
Orient=0,0,0,1
Scale=1,1,1
Layer=151011072

[ENTRY]
ID=151056436
Asset=Manipulator-SpawnPoint
Name=9
Pos=96592,401.868,141791
Orient=0,0.00499998,0,0.999987
Scale=1,1,1
Layer=151011075

