[ENTRY]
ID=151027395
Asset=Manipulator#Manipulator-PathNode
Name=9
Pos=96010.1,913.843,156959
Orient=0,0,0,1
Scale=1,1,1

[ENTRY]
ID=151029247
Asset=Manipulator-SpawnPoint
Name=9
Pos=96068,825.422,157430
Orient=0,0,0,1
Scale=1,1,1
Layer=151001518

[ENTRY]
ID=151040316
Asset=Prop-Boulder_Scary#Prop-Boulder_Scary5
Name=9
Pos=96483.4,833.771,157328
Orient=-0.671747,-0.73181,0.0927965,0.0678149
Scale=1.725,1.725,1.725
Flags=1

