[ENTRY]
ID=151055460
Asset=Manipulator-SpawnPoint
Name=9
Pos=97464.3,444.57,135708
Orient=0,-0.780209,0,0.625519
Scale=1,1,1
Layer=151010628

[ENTRY]
ID=151055921
Asset=Manipulator-SpawnPoint
Name=9
Pos=97486,446.371,135227
Orient=0,0,0,1
Scale=1,1,1
Layer=151010837

[ENTRY]
ID=151055929
Asset=Manipulator-SpawnPoint
Name=9
Pos=96876.1,523.421,135134
Orient=0,0,0,1
Scale=1,1,1
Layer=151010844

