[ENTRY]
ID=151031595
Asset=Prop-Autumn_Tree#Prop-Autumn_Tree3
Name=9
Pos=96761.1,504.467,137349
Orient=0,0,0,1
Scale=1,1,1
Flags=1

[ENTRY]
ID=151031597
Asset=Prop-Autumn_Hill_Tree#Prop-Autumn_Hill_Tree2
Name=9
Pos=97096.2,435.486,137349
Orient=0,0.543835,0,0.839192
Scale=1.05,1.05,1.05
Flags=1

