[ENTRY]
ID=151037257
Asset=CL-Autumn_Forest3#CL-Autumn_Forest3
Name=9
Pos=98116.3,480.275,138792
Orient=0,-0.104807,0,0.994493
Scale=1,1,1
Flags=1

[ENTRY]
ID=151056455
Asset=Manipulator-SpawnPoint
Name=9
Pos=97850.7,423.088,139276
Orient=0,0,0,1
Scale=1,1,1
Layer=151011094

[ENTRY]
ID=151056487
Asset=Manipulator-SpawnPoint
Name=9
Pos=98014.1,471.533,138989
Orient=0,0,0,1
Scale=1,1,1
Layer=151011117

