[ENTRY]
ID=151017624
Asset=Prop-Burnt_Pines#Prop-Burnt_Pine2
Name=9
Pos=97503.1,996.511,166828
Orient=-0.109778,0,0,0.993956
Scale=3.4,3.4,3.4
Flags=1

[ENTRY]
ID=151017625
Asset=Prop-Burnt_Pines#Prop-Burnt_Pine3
Name=9
Pos=97623,962.954,166759
Orient=0,0,0,1
Scale=3.075,3.075,3.075
Flags=1

[ENTRY]
ID=151040445
Asset=CL-GrunsBush_3#CL-GrunsBush_3
Name=9
Pos=97572.5,993.651,166778
Orient=0,0,0,1
Scale=2.675,2.675,2.675
Flags=1

