[ENTRY]
ID=151037243
Asset=Prop-Autumn_Hill_Tree#Prop-Autumn_Hill_Tree2
Name=9
Pos=98117.3,344.983,137712
Orient=-0.0829851,0.919566,0.0345199,-0.382518
Scale=1.2,1.2,1.2
Flags=1

[ENTRY]
ID=151055500
Asset=Manipulator-SpawnPoint
Name=9
Pos=97951.1,210.688,137949
Orient=0,0.982789,0,0.184729
Scale=1,1,1
Layer=151010641

[ENTRY]
ID=151056488
Asset=Manipulator-SpawnPoint
Name=9
Pos=98030.9,338.325,137599
Orient=0,0,0,1
Scale=1,1,1
Layer=151011118

[ENTRY]
ID=151056506
Asset=Manipulator-PathNode
Name=9
Pos=97878.8,217.243,137909
Orient=0,0,0,1
Scale=1,1,1

