[ENTRY]
ID=151024633
Asset=Prop-Boulder_Arid#Prop-Boulder_Arid4
Name=9
Pos=98208.3,764.395,153219
Orient=0,0.846832,0,0.531861
Scale=5.85,5.85,5.85
Flags=1

[ENTRY]
ID=151047564
Asset=CL-AridBush3#CL-AridBush3
Name=9
Pos=97755,1049.85,153148
Orient=0,0,0,1
Scale=1,1,1
Flags=1

[ENTRY]
ID=151047565
Asset=CL-AridBush4#CL-AridBush4
Name=9
Pos=97758.5,1047.97,153185
Orient=0,0,0,1
Scale=1,1,1
Flags=1

