[ENTRY]
ID=151029221
Asset=Manipulator-SpawnPoint
Name=9
Pos=97933,895.232,160365
Orient=0,0,0,1
Scale=1,1,1
Layer=151001496

[ENTRY]
ID=151040365
Asset=CL-GrunsBush_4#CL-GrunsBush_4
Name=9
Pos=97634.4,928.761,160123
Orient=0,0,0,1
Scale=1.875,1.875,1.875
Flags=1

[ENTRY]
ID=151040613
Asset=CL-UndeadTree1#CL-UndeadTree1
Name=9
Pos=97983.8,891.204,159813
Orient=0,-0.338197,0,0.941075
Scale=2.2,2.2,2.2

