[ENTRY]
ID=151049917
Asset=Prop-Boulder_Arid#Prop-Boulder_Arid2
Name=9
Pos=98192.2,596.324,149587
Orient=0,0,0,1
Scale=7.575,7.575,7.575
Flags=1

[ENTRY]
ID=151049922
Asset=Prop-Boulder_Arid#Prop-Boulder_Arid7
Name=9
Pos=97945.3,434.488,149833
Orient=0,0.522687,0,0.852525
Scale=2.4,2.4,2.4
Flags=1

