[ENTRY]
ID=151019270
Asset=Prop-Henge-BlueStone
Name=9
Pos=98106.8,385.961,135769
Orient=0.0228817,0.35153,0.0607905,0.933921
Scale=1.025,1.025,1.025

[ENTRY]
ID=151019285
Asset=CL-Henge-SarsenStone1
Name=9
Pos=97994.9,406.354,136006
Orient=0,0.548024,0,0.836463
Scale=1,1,1

[ENTRY]
ID=151024894
Asset=Prop-Bush-Small1#Prop-Bush-Small1
Name=9
Pos=98036.5,408.896,136038
Orient=0,0,0,1
Scale=1.725,1.725,1.725

