[ENTRY]
ID=151011701
Asset=Manipulator-SpawnPoint
Name=9
Pos=98237,73.0526,127784
Orient=0,0,0,1
Scale=1,1,1
Layer=150997505

[ENTRY]
ID=151054583
Asset=Par-Waves-1-Emitter
Name=9
Pos=98136.1,60.8539,127521
Orient=0,-0.981854,0,0.18964
Scale=1,1,1

[ENTRY]
ID=151054585
Asset=Par-Waves-1-Emitter
Name=9
Pos=97810.4,60.8539,127729
Orient=0,-0.972329,0,0.233616
Scale=2,2,2

