[ENTRY]
ID=151016674
Asset=Prop-Bush_AridDead3#Prop-Bush_AridDead3
Name=9
Pos=97853.9,989.147,158247
Orient=0,0,0.0399893,0.9992
Scale=2.15,2.15,2.15
Flags=1

[ENTRY]
ID=151028475
Asset=Manipulator-SpawnPoint
Name=9
Pos=98055.9,954.184,158121
Orient=0,-0.605186,0,0.796084
Scale=1,1,1
Layer=151001298

[ENTRY]
ID=151040154
Asset=CL-GrunsBush_4#CL-GrunsBush_4
Name=9
Pos=97667.7,770.109,158032
Orient=0,0,0,1
Scale=1.675,1.675,1.675
Flags=1

