[ENTRY]
ID=151021263
Asset=CL-AridBush3#CL-AridBush3
Name=9
Pos=98320.4,788.497,145423
Orient=0,0.342898,0,0.939373
Scale=1.8,1.8,1.8
Flags=1

[ENTRY]
ID=151030065
Asset=Manipulator-SpawnPoint
Name=9
Pos=98776.3,866.354,145369
Orient=0,0,0,1
Scale=1,1,1
Layer=151001709

