[ENTRY]
ID=151021052
Asset=CL-Sick-Pine3
Name=9
Pos=98277.5,726.557,146291
Orient=0,-0.872355,0,0.488872
Scale=4.625,4.625,4.625
Flags=1

[ENTRY]
ID=151021053
Asset=CL-Sick-Pine6
Name=9
Pos=98368.2,795.137,146574
Orient=0,-0.737931,0,0.674876
Scale=1.575,1.575,1.575
Flags=1

[ENTRY]
ID=151030516
Asset=Manipulator-SpawnPoint
Name=9
Pos=98399.8,773.25,146836
Orient=0,0,0,1
Scale=1,1,1
Layer=151001876

