[ENTRY]
ID=151056461
Asset=Manipulator-SpawnPoint
Name=9
Pos=98620.4,379.108,136396
Orient=0,0,0,1
Scale=1,1,1
Layer=151011100

[ENTRY]
ID=151056490
Asset=Manipulator-SpawnPoint
Name=9
Pos=98852.1,406.868,136322
Orient=0,-0.585097,0,0.810963
Scale=1,1,1
Layer=151011119

