[ENTRY]
ID=151017093
Asset=CL-AridBush3#CL-AridBush3
Name=9
Pos=98837.3,559.552,154160
Orient=0,0,0,1
Scale=1.675,1.675,1.675
Flags=1

[ENTRY]
ID=151028897
Asset=Prop-Battlefield_Engines#Prop-Battlefield_Barricade
Name=9
Pos=98928.6,554.677,153821
Orient=0,-0.305059,0,0.952333
Scale=3.925,3.925,3.925
Flags=1

