[ENTRY]
ID=150999112
Asset=Autumn_Forest?d=123456&amp;s=0.9&amp;sz=800
Name=9
Pos=98648.4,422.308,141179
Orient=0,0,0,1
Scale=1,1,1
Flags=1

[ENTRY]
ID=151057068
Asset=Manipulator-SpawnPoint
Name=9
Pos=98796.9,450.707,141429
Orient=0,0,0,1
Scale=1,1,1
Layer=151011426

[ENTRY]
ID=151057080
Asset=Manipulator-SpawnPoint
Name=9
Pos=98575.9,454.399,141619
Orient=0,0.930216,0,0.367013
Scale=1,1,1
Layer=151011437

[ENTRY]
ID=151057081
Asset=Manipulator#Manipulator-PathNode
Name=9
Pos=98351.2,504.147,141421
Orient=0,0,0,1
Scale=1,1,1

[ENTRY]
ID=151057082
Asset=Manipulator-PathNode
Name=9
Pos=98324.3,484.142,141214
Orient=0,0,0,1
Scale=1,1,1

