[ENTRY]
ID=150999919
Asset=CL-Plains_Bush1#CL-Plains_Bush1
Name=9
Pos=98639.8,478.759,134706
Orient=0,0,0,1
Scale=1,1,1
Flags=1

[ENTRY]
ID=151056005
Asset=Manipulator-SpawnPoint
Name=9
Pos=98254.7,464.437,134684
Orient=0,-0.00999983,0,0.99995
Scale=1,1,1
Layer=151010876

[ENTRY]
ID=151056042
Asset=Manipulator-SpawnPoint
Name=9
Pos=98578.5,520.245,134924
Orient=0,0,0,1
Scale=1,1,1
Layer=151010902

[ENTRY]
ID=151056060
Asset=Manipulator-SpawnPoint
Name=9
Pos=98663.6,332.192,134345
Orient=0,0,0,1
Scale=1,1,1
Layer=151010909

