[ENTRY]
ID=151021070
Asset=Prop-Swineland-Junk_Pile2
Name=9
Pos=98307.8,810.116,145861
Orient=0,0.648034,0,0.761612
Scale=1.825,1.825,1.825
Flags=1

[ENTRY]
ID=151021267
Asset=CL-AridBush5#CL-AridBush5
Name=9
Pos=98774.1,784.389,145750
Orient=0,0,0,1
Scale=1.75,1.75,1.75
Flags=1

[ENTRY]
ID=151030530
Asset=Manipulator-SpawnPoint
Name=9
Pos=98693.2,823.761,146121
Orient=0,0,0,1
Scale=1,1,1
Layer=151001888

[ENTRY]
ID=151030531
Asset=Manipulator-SpawnPoint
Name=9
Pos=98951.5,830.329,146089
Orient=0,0,0,1
Scale=1,1,1
Layer=151001888

