[ENTRY]
ID=151011699
Asset=Manipulator-SpawnPoint
Name=9
Pos=98700.3,100.941,127899
Orient=0,0,0,1
Scale=1,1,1
Layer=150997503

[ENTRY]
ID=151011700
Asset=Manipulator-SpawnPoint
Name=9
Pos=98505.2,70.267,127681
Orient=0,0,0,1
Scale=1,1,1
Layer=150997504

[ENTRY]
ID=151054547
Asset=Effects#Par-Waves-1-Emitter
Name=9
Pos=98510.9,60.8539,127521
Orient=0,-0.997248,0,-0.0741365
Scale=1,1,1

