[ENTRY]
ID=151017409
Asset=CL-AridBush1#CL-AridBush1
Name=9
Pos=99587,600.294,155347
Orient=0,0,0,1
Scale=1,1,1
Flags=1

[ENTRY]
ID=151017410
Asset=Prop-Lamp_Post_Junk#Prop-Lamp_Post_Junk1
Name=9
Pos=99602.4,603.455,155360
Orient=-0.135825,0.667392,-0.025235,0.731781
Scale=2.025,2.025,2.025
Flags=1

