[ENTRY]
ID=151017972
Asset=Arid_Clutter?d=0.9&amp;s=87566777&amp;sz=800
Name=9
Pos=99675.1,853.635,147157
Orient=0,0.0799147,0,0.996802
Scale=1.475,1.475,1.475
Flags=1

[ENTRY]
ID=151017973
Asset=CL-Sick-Pine3#CL-Sick-Pine3
Name=9
Pos=99018.9,766.509,147098
Orient=0,-0.514136,0,0.857709
Scale=5.7,5.7,5.7
Flags=1

[ENTRY]
ID=151030523
Asset=Manipulator-SpawnPoint
Name=9
Pos=99348.7,863.528,147009
Orient=0,0,0,1
Scale=1,1,1
Layer=151001881

