[ENTRY]
ID=151017974
Asset=Arid_Clutter?d=0.9&amp;s=87565677&amp;sz=800
Name=9
Pos=99387.7,856.062,146402
Orient=0,-0.338197,0,0.941075
Scale=1,1,1
Flags=1

[ENTRY]
ID=151030522
Asset=Manipulator-SpawnPoint
Name=9
Pos=99159.2,857.184,146839
Orient=0,0,0,1
Scale=1,1,1
Layer=151001881

[ENTRY]
ID=151030526
Asset=Manipulator-SpawnPoint
Name=9
Pos=99078.8,845.344,146320
Orient=0,0,0,1
Scale=1,1,1
Layer=151001885

[ENTRY]
ID=151030528
Asset=Manipulator-SpawnPoint
Name=9
Pos=99404.8,849.17,146299
Orient=0,0,0,1
Scale=1,1,1
Layer=151001885

