[ENTRY]
ID=151011698
Asset=Manipulator-SpawnPoint
Name=9
Pos=99010,80.0031,127771
Orient=0,0,0,1
Scale=1,1,1
Layer=150997502

[ENTRY]
ID=151057693
Asset=Manipulator-SpawnPoint
Name=9
Pos=99737.3,217.644,128200
Orient=0,-0.648034,0,0.761612
Scale=1,1,1
Layer=151011733

[ENTRY]
ID=151057694
Asset=Manipulator-SpawnPoint
Name=9
Pos=99693.8,219.14,128184
Orient=0,-0.897911,0,0.440177
Scale=1,1,1
Layer=151011734

