[ENTRY]
ID=151017351
Asset=CL-AridBush1#CL-AridBush1
Name=9
Pos=99476.3,895.318,157508
Orient=0,0.443948,0,0.896053
Scale=2.725,2.725,2.725
Flags=1

[ENTRY]
ID=151029234
Asset=Manipulator-SpawnPoint
Name=9
Pos=99681.9,889.465,157751
Orient=0,0,0,1
Scale=1,1,1
Layer=151001507

[ENTRY]
ID=151047578
Asset=Prop-Boulder_Scary#Prop-Boulder_Scary5
Name=9
Pos=99719.9,837.152,158059
Orient=-0.364198,-0.38084,0.580501,0.620756
Scale=1.875,1.875,1.875
Flags=1

