[ENTRY]
ID=151037289
Asset=Autumn_Forest?d=0.9&amp;s=872356&amp;sz=800
Name=9
Pos=99079.4,757.96,143066
Orient=0,-0.53676,0,-0.843735
Scale=1.475,1.475,1.475
Flags=1

[ENTRY]
ID=151057054
Asset=Manipulator-SpawnPoint
Name=9
Pos=99620.7,517.561,142921
Orient=0,0,0,1
Scale=1,1,1
Layer=151011415

[ENTRY]
ID=151057060
Asset=Manipulator-SpawnPoint
Name=9
Pos=99748.2,516.526,142625
Orient=0,0,0,1
Scale=1,1,1
Layer=151011421

[ENTRY]
ID=151057067
Asset=Manipulator#Manipulator-PathNode
Name=9
Pos=99049.8,512.976,142502
Orient=0,0,0,1
Scale=1,1,1

