[ENTRY]
ID=151021390
Asset=CL-AridBush2#CL-AridBush2
Name=9
Pos=99658.7,830.496,148563
Orient=0,0.0799147,0,0.996802
Scale=2.05,2.05,2.05
Flags=1

[ENTRY]
ID=151030512
Asset=Manipulator-SpawnPoint
Name=9
Pos=99470.3,726.643,148927
Orient=0,0,0,1
Scale=1,1,1
Layer=151001874

