[ENTRY]
ID=151036116
Asset=Prop-Henge-BlueStone
Name=9
Pos=99038.3,313.779,132723
Orient=0,0.632673,0,0.774419
Scale=7.325,7.325,7.325
Flags=1

[ENTRY]
ID=151036605
Asset=Prop-Bush-Med_Autumn2#Prop-Bush-Med_Autumn2
Name=9
Pos=99063.8,367.658,132701
Orient=0,0,0,1
Scale=1,1,1
Flags=1

[ENTRY]
ID=151056019
Asset=Manipulator-SpawnPoint
Name=9
Pos=99514.7,416.194,132714
Orient=0,0,0,1
Scale=1,1,1
Layer=151010889

[ENTRY]
ID=151056022
Asset=Manipulator-SpawnPoint
Name=9
Pos=99546.8,417.843,132185
Orient=0,0,0,1
Scale=1,1,1
Layer=151010892

