[ENTRY]
ID=150999844
Asset=Autumn_Forest?d=0.9&amp;s=123456&amp;sz=800
Name=9
Pos=100371,313.497,140075
Orient=0,0.0799149,0,0.996802
Scale=1.325,1.325,1.325
Flags=1

[ENTRY]
ID=151057100
Asset=Manipulator-SpawnPoint
Name=9
Pos=99967.3,421.355,139761
Orient=0,0,0,1
Scale=1,1,1
Layer=151011447

