[ENTRY]
ID=151004313
Asset=Prop-Autumn_Hill_Tree#Prop-Autumn_Hill_Tree4
Name=9
Pos=100141,454.245,130538
Orient=0.0621258,-0.357169,-0.0776003,0.928735
Scale=1.25,1.25,1.25
Flags=1

[ENTRY]
ID=151036413
Asset=CL-Bush_Autumn3#CL-Bush_Autumn3
Name=9
Pos=100165,449.88,130531
Orient=0,0.4852,0,-0.874403
Scale=2.225,2.225,2.225
Flags=1

[ENTRY]
ID=151056034
Asset=Manipulator#Manipulator-PathNode
Name=9
Pos=100483,558.544,131124
Orient=0,0,0,1
Scale=1,1,1

