[ENTRY]
ID=150999840
Asset=Autumn_Forest?d=0.9&amp;s=123426&amp;sz=800
Name=9
Pos=100448,397.263,140941
Orient=0,0,0,1
Scale=1,1,1
Flags=1

[ENTRY]
ID=151057086
Asset=Manipulator-SpawnPoint
Name=9
Pos=100110,480.86,140266
Orient=0,0,0,1
Scale=1,1,1
Layer=151011439

[ENTRY]
ID=151057114
Asset=Manipulator-SpawnPoint
Name=9
Pos=99858.5,446.262,140898
Orient=0,-0.375559,0,0.926799
Scale=0.95,0.95,0.95
Layer=151011455

[ENTRY]
ID=151057122
Asset=Manipulator#Manipulator-PathNode
Name=9
Pos=100331,445.867,140924
Orient=0,0,0,1
Scale=1,1,1

[ENTRY]
ID=151057123
Asset=Manipulator-PathNode
Name=9
Pos=100073,448.923,140804
Orient=0,0,0,1
Scale=1,1,1

