[ENTRY]
ID=151029607
Asset=Prop-Crystals_Blue#Prop-Crystal_Blue_Huge1
Name=9
Pos=100152,529.639,161155
Orient=0,0,-0.0699422,0.997551
Scale=2.225,2.225,2.225
Flags=1

[ENTRY]
ID=151029660
Asset=Prop-Crystal_Blue_Huge3
Name=9
Pos=99890.4,482.135,160658
Orient=0.164252,0,0,0.986418
Scale=2.5,2.5,2.5
Flags=1

[ENTRY]
ID=151029662
Asset=Prop-Crystal_Blue_Huge3
Name=9
Pos=100223,557.549,161135
Orient=0.164252,0,0,0.986418
Scale=0.875,0.875,0.875
Flags=1

