[ENTRY]
ID=151021356
Asset=Bldg-Urban-Small_Facade4b#Bldg-Urban-Small_Facade4b?ATS=ATS-Warpig
Name=9
Pos=100410,1446.13,148288
Orient=0,0.904412,0,0.42666
Scale=1.85,1.85,1.85
Flags=1

[ENTRY]
ID=151021401
Asset=Prop-Swineland-Junk_Pile#Prop-Swineland-Junk_Pile2
Name=9
Pos=100195,1345.12,148138
Orient=0,-0.688921,0,0.724836
Scale=1.975,1.975,1.975
Flags=1

[ENTRY]
ID=151021416
Asset=CL-Swinland_JunkPile1
Name=9
Pos=100041,1189.02,148413
Orient=0,-0.979908,0,0.199449
Scale=1.475,1.475,1.475

