[ENTRY]
ID=151017955
Asset=CL-Sick-Pine3#CL-Sick-Pine3
Name=9
Pos=101248,867.979,145440
Orient=0,0,0,1
Scale=1.85,1.85,1.85
Flags=1

[ENTRY]
ID=151017956
Asset=CL-Sick-Pine3#CL-Sick-Pine3
Name=9
Pos=101149,859.32,145312
Orient=0,0.945784,0,0.324796
Scale=4.1,4.1,4.1
Flags=1

[ENTRY]
ID=151018581
Asset=Prop-Tribal_Furniture#Prop-Tribal_Lamp1
Name=9
Pos=100763,821.797,144793
Orient=0,0,-0.109778,0.993956
Scale=2.9,2.9,2.9
Flags=1

