[ENTRY]
ID=151057109
Asset=Manipulator-SpawnPoint
Name=9
Pos=100624,527.642,141568
Orient=0,0,0,1
Scale=1,1,1
Layer=151011452

[ENTRY]
ID=151057110
Asset=Manipulator-SpawnPoint
Name=9
Pos=100633,513.84,141656
Orient=0,-0.744643,0,0.667463
Scale=1,1,1
Layer=151011453

