[ENTRY]
ID=151015306
Asset=Prop-Boulder_Scary#Prop-Boulder_Scary5
Name=9
Pos=100587,694.864,152721
Orient=-0.904699,0.00459853,-0.425915,0.00976788
Scale=2.325,2.325,2.325
Flags=1

[ENTRY]
ID=151027863
Asset=Manipulator-SpawnPoint
Name=9
Pos=100997,631.991,152926
Orient=0,0,0,1
Scale=1,1,1
Layer=151001161

