[ENTRY]
ID=151027869
Asset=Manipulator-SpawnPoint
Name=9
Pos=101257,619.328,153607
Orient=0,0.98279,0,0.184729
Scale=1,1,1
Layer=151001163

[ENTRY]
ID=151027870
Asset=Manipulator-SpawnPoint
Name=9
Pos=101286,619.328,153550
Orient=0,0,0,1
Scale=1,1,1
Layer=151001163

