[ENTRY]
ID=151019350
Asset=CL-SnowyPine1#CL-SnowyPine1
Name=9
Pos=101701,790.581,158508
Orient=0,-0.0349929,0,0.999388
Scale=8.1,8.1,8.1
Flags=1

[ENTRY]
ID=151029673
Asset=CL-Crystal9#CL-Crystal9
Name=9
Pos=101774,795.869,158495
Orient=-0.223106,0,0,0.974794
Scale=1,1,1

[ENTRY]
ID=151029675
Asset=CL-Crystal3#CL-Crystal3
Name=9
Pos=101832,787.62,158926
Orient=0,0,0,1
Scale=1,1,1

[ENTRY]
ID=151031043
Asset=Manipulator-SpawnPoint
Name=9
Pos=101954,835.298,158329
Orient=0,0,0,1
Scale=1,1,1
Layer=151002142

[ENTRY]
ID=151031106
Asset=Manipulator-SpawnPoint
Name=9
Pos=101341,716.962,158748
Orient=0,0,0,1
Scale=1,1,1
Layer=151002154

