[ENTRY]
ID=151018393
Asset=Prop-Lamp_Post_Junk#Prop-Lamp_Post_Junk3
Name=9
Pos=101553,1102.77,150628
Orient=-0.0362643,0.0976391,-0.0616124,0.992651
Scale=1.6,1.6,1.6
Flags=1

[ENTRY]
ID=151018394
Asset=CL-AridRock4#CL-AridRock4
Name=9
Pos=101534,1102.51,150640
Orient=0,0,0,1
Scale=1,1,1
Flags=1

[ENTRY]
ID=151031286
Asset=Manipulator-SpawnPoint
Name=9
Pos=101388,1107.63,150010
Orient=0,-0.380188,0,0.924909
Scale=1,1,1
Layer=151002184

