[ENTRY]
ID=151046041
Asset=CL-Fence-Stone_Long_Blue2#CL-Fence-Stone_Long_Blue2
Name=9
Pos=101705,401.422,133865
Orient=0,-0.777072,0,0.629412
Scale=1,1,1

[ENTRY]
ID=151046042
Asset=CL-Fence-Stone_Blue5#CL-Fence-Stone_Blue5
Name=9
Pos=101602,403.819,133832
Orient=0,-0.777072,0,0.629412
Scale=1,1,1

[ENTRY]
ID=151058179
Asset=Light-Large
Name=9
Pos=101689,445.927,133850
Orient=0,0,0,1
Scale=1,1,1

