[ENTRY]
ID=151019354
Asset=CL-SnowyPine4#CL-SnowyPine4
Name=9
Pos=101817,754.923,160681
Orient=0,-0.999995,0,0.00309783
Scale=5.15,5.15,5.15
Flags=1

[ENTRY]
ID=151019355
Asset=CL-SnowyPine5#CL-SnowyPine5
Name=9
Pos=101751,753.807,160833
Orient=0,0.889657,0,-0.45663
Scale=3.3,3.3,3.3
Flags=1

[ENTRY]
ID=151029553
Asset=CL-SnowyPine3#CL-SnowyPine3
Name=9
Pos=101260,794.412,160618
Orient=0,-0.999995,0,0.00309783
Scale=3,3,3
Flags=1

[ENTRY]
ID=151029603
Asset=Prop-Crystals_Blue#Prop-Crystal_Blue_Med3
Name=9
Pos=101492,749.573,160961
Orient=0,0,0,1
Scale=1.6,1.6,1.6

