[ENTRY]
ID=151057104
Asset=Manipulator-SpawnPoint
Name=9
Pos=101827,523.308,142017
Orient=0,-0.975723,0,0.219007
Scale=1,1,1
Layer=151011450

[ENTRY]
ID=151057105
Asset=Manipulator-SpawnPoint
Name=9
Pos=101500,458.396,141964
Orient=0,0,0,1
Scale=1,1,1
Layer=151011451

