[ENTRY]
ID=151020793
Asset=Bldg-Junk_Palace#Bldg-Junk_Palace?ATS=ATS-Warpig
Name=9
Pos=101337,1394.28,148327
Orient=0,-0.955571,0,-0.29476
Scale=1.675,1.675,1.675
Flags=1

[ENTRY]
ID=151021411
Asset=Prop-The_Great_Nook_Scaffold
Name=9
Pos=101680,1479.69,148058
Orient=0,0,0,1
Scale=2.45,2.45,2.45
Flags=1

