[ENTRY]
ID=150999839
Asset=Autumn_Forest?d=.9&amp;s=877317&amp;sz=800
Name=9
Pos=101398,491.566,139932
Orient=0,0.394019,0,0.919102
Scale=1,1,1
Flags=1

[ENTRY]
ID=151057160
Asset=Manipulator-SpawnPoint
Name=9
Pos=101788,427.375,139772
Orient=0,0,0,1
Scale=1,1,1
Layer=151011478

