[ENTRY]
ID=151057199
Asset=Manipulator-SpawnPoint
Name=9
Pos=102093,485.672,137994
Orient=0,-0.849481,0,0.52762
Scale=1,1,1
Layer=151011505

[ENTRY]
ID=151057211
Asset=Manipulator-SpawnPoint
Name=9
Pos=102489,502.037,137805
Orient=0,0,0,1
Scale=1,1,1
Layer=151011515

