[ENTRY]
ID=151018391
Asset=Prop-Lamp_Post_Junk#Prop-Lamp_Post_Junk2
Name=9
Pos=102181,1013.64,151339
Orient=0,-0.223106,0,0.974794
Scale=1.625,1.625,1.625
Flags=1

[ENTRY]
ID=151018392
Asset=CL-AridBush5#CL-AridBush5
Name=9
Pos=102184,1015.93,151361
Orient=0,0.271547,0,0.962425
Scale=1.1,1.1,1.1
Flags=1

[ENTRY]
ID=151030449
Asset=Manipulator-SpawnPoint
Name=9
Pos=102482,1222.1,150850
Orient=0,0,0,1
Scale=1,1,1
Layer=151001849

[ENTRY]
ID=151030450
Asset=Manipulator-SpawnPoint
Name=9
Pos=102625,1257.25,150917
Orient=0,0,0,1
Scale=1,1,1
Layer=151001849

