[ENTRY]
ID=151019360
Asset=Prop-Snowy_Pine_Tree#Prop-Snowy_Pine_Tree8
Name=9
Pos=102415,786.887,160753
Orient=0,-0.439462,0,0.898261
Scale=6.6,6.6,6.6
Flags=1

[ENTRY]
ID=151031041
Asset=Manipulator-SpawnPoint
Name=9
Pos=102147,784.104,160898
Orient=0,0,0,1
Scale=1,1,1
Layer=151002141

[ENTRY]
ID=151031075
Asset=Manipulator-SpawnPoint
Name=9
Pos=102611,760.984,160624
Orient=0,0,0,1
Scale=1,1,1
Layer=151002148

