[ENTRY]
ID=151018590
Asset=CL-AridBush5#CL-AridBush5
Name=9
Pos=102040,715.151,145077
Orient=0,0,0,1
Scale=1,1,1
Flags=1

[ENTRY]
ID=151028046
Asset=CL-AridBush5#CL-AridBush5
Name=9
Pos=102584,767.117,145255
Orient=0,0.37092,0,0.928665
Scale=1.675,1.675,1.675
Flags=1

[ENTRY]
ID=151030354
Asset=Manipulator-SpawnPoint
Name=9
Pos=102620,758.647,145106
Orient=0,0,0,1
Scale=1,1,1
Layer=151001795

