[ENTRY]
ID=151056292
Asset=Manipulator-SpawnPoint
Name=9
Pos=102588,243.928,129562
Orient=0,0.993868,0,0.11057
Scale=1,1,1
Layer=151011006

[ENTRY]
ID=151056293
Asset=Manipulator#Manipulator-PathNode
Name=9
Pos=102385,158.437,129384
Orient=0,0,0,1
Scale=1,1,1

[ENTRY]
ID=151056294
Asset=Manipulator-PathNode
Name=9
Pos=102240,83.8725,129194
Orient=0,0,0,1
Scale=1,1,1

