[ENTRY]
ID=151019882
Asset=CL-Sick-Pine6#CL-Sick-Pine6
Name=9
Pos=102497,797.989,144051
Orient=0,0.434966,0,0.900447
Scale=2.075,2.075,2.075
Flags=1

[ENTRY]
ID=151030137
Asset=Manipulator-SpawnPoint
Name=9
Pos=102081,883.594,144239
Orient=0,0,0,1
Scale=1,1,1
Layer=151001733

[ENTRY]
ID=151030139
Asset=Manipulator-SpawnPoint
Name=9
Pos=102259,931.772,144282
Orient=0,0,0,1
Scale=1,1,1
Layer=151001733

