[ENTRY]
ID=151056523
Asset=Manipulator-SpawnPoint
Name=9
Pos=102535,415.986,136189
Orient=0,0,0,1
Scale=1,1,1
Layer=151011141

[ENTRY]
ID=151056574
Asset=Manipulator-SpawnPoint
Name=9
Pos=102422,400.555,136092
Orient=0,0.720831,0,0.693111
Scale=1,1,1
Layer=151011173

[ENTRY]
ID=151056582
Asset=Manipulator-SpawnPoint
Name=9
Pos=102420,435.653,136339
Orient=0,-0.767543,0,0.640997
Scale=1,1,1
Layer=151011178

