[ENTRY]
ID=151017802
Asset=CL-Sick-Pine4#CL-Sick-Pine4
Name=9
Pos=102637,981.55,153321
Orient=-0.0374759,-0.57574,-0.0530529,0.815049
Scale=2.425,2.425,2.425
Flags=1

[ENTRY]
ID=151017933
Asset=CL-Sick-Pine1
Name=9
Pos=102699,993.059,153226
Orient=0,0,0,1
Scale=2.1,2.1,2.1
Flags=1

