[ENTRY]
ID=151054530
Asset=Effects#Par-Waves-1-Emitter
Name=9
Pos=102211,61.0549,127404
Orient=0,-0.954152,0,0.299322
Scale=1,1,1
Flags=1

