[ENTRY]
ID=150999831
Asset=Autumn_Forest?d=.9&amp;s=675617&amp;sz=800
Name=9
Pos=102403,481.108,138102
Orient=0,-0.42141,0,0.90687
Scale=1,1,1
Flags=1

[ENTRY]
ID=151057193
Asset=Manipulator-SpawnPoint
Name=9
Pos=102260,485.664,138372
Orient=0,0,0,1
Scale=1,1,1
Layer=151011501

[ENTRY]
ID=151057201
Asset=Manipulator-SpawnPoint
Name=9
Pos=102615,477.607,138338
Orient=0,0,0,1
Scale=1,1,1
Layer=151011506

