[ENTRY]
ID=151056520
Asset=Manipulator-SpawnPoint
Name=9
Pos=102053,379.968,135179
Orient=0,0,0,1
Scale=1,1,1
Layer=151011138

[ENTRY]
ID=151056522
Asset=Manipulator-SpawnPoint
Name=9
Pos=102310,427.236,135692
Orient=0,0,0,1
Scale=1,1,1
Layer=151011140

[ENTRY]
ID=151056576
Asset=Manipulator-SpawnPoint
Name=9
Pos=102117,374.137,135058
Orient=0,-0.998444,0,0.0557674
Scale=1,1,1
Layer=151011174

