[ENTRY]
ID=151018387
Asset=CL-AridBush3#CL-AridBush3
Name=9
Pos=102890,1040.83,151989
Orient=0,0,0,1
Scale=1,1,1
Flags=1

[ENTRY]
ID=151021051
Asset=Prop-Lamp_Post_Junk#Prop-Lamp_Post_Junk2
Name=9
Pos=102916,1041.02,152071
Orient=0,0.306576,0,-0.951846
Scale=1.5,1.5,1.5
Flags=1

