[ENTRY]
ID=151057135
Asset=Manipulator-SpawnPoint
Name=9
Pos=103000,555.1,141511
Orient=0,0,0,1
Scale=1,1,1
Layer=151011457

[ENTRY]
ID=151057136
Asset=Manipulator-SpawnPoint
Name=9
Pos=103408,600.061,141702
Orient=0,0,0,1
Scale=1,1,1
Layer=151011458

[ENTRY]
ID=151057140
Asset=Manipulator-SpawnPoint
Name=9
Pos=103263,554.932,141150
Orient=0,0,0,1
Scale=1,1,1
Layer=151011462

[ENTRY]
ID=151057151
Asset=Manipulator-SpawnPoint
Name=9
Pos=103059,531.983,141304
Orient=0,0.904412,0,0.42666
Scale=1.075,1.075,1.075
Layer=151011471

