[ENTRY]
ID=151018605
Asset=Prop-Lamp_Post_Junk#Prop-Lamp_Post_Junk2
Name=9
Pos=103069,799.268,143967
Orient=-0.069872,0.00314636,0.0448746,0.996541
Scale=1.825,1.825,1.825
Flags=1

[ENTRY]
ID=151030152
Asset=Manipulator-SpawnPoint
Name=9
Pos=103127,897.132,143656
Orient=0,0,0,1
Scale=1,1,1
Layer=151001735

