[ENTRY]
ID=151017980
Asset=CL-Sick-Pine2#CL-Sick-Pine2
Name=9
Pos=103489,750.313,154194
Orient=0,-0.0549723,0,0.998488
Scale=1.65,1.65,1.65
Flags=1

[ENTRY]
ID=151018323
Asset=Prop-Lamp_Post_Junk#Prop-Lamp_Post_Junk2
Name=9
Pos=103403,749.734,153936
Orient=0,0,0,1
Scale=1.625,1.625,1.625
Flags=1

[ENTRY]
ID=151018326
Asset=CL-AridBush4#CL-AridBush4
Name=9
Pos=103377,748.985,153961
Orient=0,-0.696135,0,0.717911
Scale=1,1,1
Flags=1

[ENTRY]
ID=151030551
Asset=Manipulator-SpawnPoint
Name=9
Pos=102757,785.156,153911
Orient=0,0,0,1
Scale=1,1,1
Layer=151001902

