[ENTRY]
ID=151031096
Asset=Manipulator-SpawnPoint
Name=9
Pos=104159,940.823,158637
Orient=0,0,0,1
Scale=1,1,1
Layer=151002152

[ENTRY]
ID=151031097
Asset=Manipulator-SpawnPoint
Name=9
Pos=104024,939.998,158719
Orient=0,0,0,1
Scale=1,1,1
Layer=151002152

[ENTRY]
ID=151031099
Asset=Manipulator-SpawnPoint
Name=9
Pos=103915,933.858,158940
Orient=0,0,0,1
Scale=1,1,1
Layer=151002152

[ENTRY]
ID=151031191
Asset=Manipulator-SpawnPoint
Name=9
Pos=103725,922.831,158992
Orient=0,0.822049,0,0.569417
Scale=1,1,1
Layer=151002165

