[ENTRY]
ID=151027402
Asset=Prop-Goliath_Mound_Ice#Prop-Goliath_Mound_Ice2
Name=9
Pos=103932,557.609,160316
Orient=0,-0.928369,0,0.37166
Scale=1.75,1.75,1.75
Flags=1

[ENTRY]
ID=151027405
Asset=Prop-Goliath_Mound_Ice1
Name=9
Pos=103698,436.286,160417
Orient=0,-0.686448,0,-0.727179
Scale=1.95,1.95,1.95
Flags=1

[ENTRY]
ID=151031126
Asset=Manipulator-SpawnPoint
Name=9
Pos=103643,413.787,159871
Orient=0,0,0,1
Scale=1,1,1
Layer=151002158

