[ENTRY]
ID=151005781
Asset=Prop-Autumn_Hill_Tree#Prop-Autumn_Hill_Tree2
Name=9
Pos=103657,653.478,129521
Orient=0,-0.257081,0,0.96639
Scale=1,1,1
Flags=1

[ENTRY]
ID=151056295
Asset=Manipulator-SpawnPoint
Name=9
Pos=103970,587.356,129448
Orient=0,0.912764,0,0.408487
Scale=0.975,0.975,0.975
Layer=151011007

[ENTRY]
ID=151056296
Asset=Manipulator#Manipulator-PathNode
Name=9
Pos=103631,445.817,129012
Orient=0,0,0,1
Scale=1,1,1

[ENTRY]
ID=151057214
Asset=Manipulator#Manipulator-PathNode
Name=9
Pos=104235,503.475,129078
Orient=0,0,0,1
Scale=1,1,1

