[ENTRY]
ID=151018657
Asset=Prop-Lamp_Post_Junk#Prop-Lamp_Post_Junk1
Name=9
Pos=104088,989.519,146211
Orient=0,-0.636537,0,0.771246
Scale=1,1,1
Flags=1

[ENTRY]
ID=151018663
Asset=CL-AridBush3#CL-AridBush3
Name=9
Pos=104080,987.849,146208
Orient=0,0,0,1
Scale=1,1,1
Flags=1

[ENTRY]
ID=151030358
Asset=Manipulator-SpawnPoint
Name=9
Pos=103715,898.633,146013
Orient=0,0,0,1
Scale=1,1,1
Layer=151001798

[ENTRY]
ID=151030359
Asset=Manipulator-SpawnPoint
Name=9
Pos=104146,944.444,145865
Orient=0,0,0,1
Scale=1,1,1
Layer=151001800

