[ENTRY]
ID=151027442
Asset=CL-SnowyPine2#CL-SnowyPine2
Name=9
Pos=104045,1365.62,161761
Orient=0,0.786425,0,0.617685
Scale=2.725,2.725,2.725

[ENTRY]
ID=151031084
Asset=Manipulator-SpawnPoint
Name=9
Pos=103580,901.543,161399
Orient=0,0,0,1
Scale=1,1,1
Layer=151002149

