[ENTRY]
ID=151030368
Asset=Manipulator-SpawnPoint
Name=9
Pos=104154,1046.32,147117
Orient=0,0,0,1
Scale=1,1,1
Layer=151001808

[ENTRY]
ID=151030369
Asset=Manipulator-SpawnPoint
Name=9
Pos=103809,987.135,147360
Orient=0,-0.0699428,0,0.997551
Scale=1,1,1
Layer=151001810

[ENTRY]
ID=151030370
Asset=Manipulator-SpawnPoint
Name=9
Pos=104072,976.136,147387
Orient=0,0,0,1
Scale=1,1,1
Layer=151001810

