[ENTRY]
ID=151056530
Asset=Manipulator-SpawnPoint
Name=9
Pos=103896,390.822,134881
Orient=0,0,0,1
Scale=1,1,1
Layer=151011148

[ENTRY]
ID=151056531
Asset=Manipulator-SpawnPoint
Name=9
Pos=103880,438.179,134524
Orient=0,0,0,1
Scale=1,1,1
Layer=151011149

[ENTRY]
ID=151056568
Asset=Manipulator-SpawnPoint
Name=9
Pos=104122,458.137,134617
Orient=0,-0.906534,0,0.422132
Scale=1,1,1
Layer=151011171

