[ENTRY]
ID=151017730
Asset=CL-Sick-Pine6#CL-Sick-Pine6
Name=9
Pos=103728,704.525,155272
Orient=0,0.581035,0,0.813878
Scale=2.275,2.275,2.275
Flags=1

[ENTRY]
ID=151030663
Asset=Manipulator-SpawnPoint
Name=9
Pos=104162,847.34,155741
Orient=0,0,0,1
Scale=1,1,1
Layer=151001958

