[ENTRY]
ID=151017982
Asset=CL-AridRock1#CL-AridRock1
Name=9
Pos=103594,740.985,154147
Orient=0,0.624897,0,0.780707
Scale=1.45,1.45,1.45
Flags=1

[ENTRY]
ID=151030748
Asset=Manipulator-SpawnPoint
Name=9
Pos=104078,852.449,153911
Orient=0,0,0,1
Scale=1,1,1
Layer=151001988

