[ENTRY]
ID=151017804
Asset=CL-Sick-Pine1#CL-Sick-Pine1
Name=9
Pos=103685,1001.92,152412
Orient=0,0,0,1
Scale=2.1,2.1,2.1
Flags=1

[ENTRY]
ID=151018250
Asset=Prop-Lamp_Post_Junk#Prop-Lamp_Post_Junk3
Name=9
Pos=103837,1026.18,152708
Orient=0,0.448423,0,0.893822
Scale=1.75,1.75,1.75
Flags=1

[ENTRY]
ID=151018254
Asset=CL-AridRock1#CL-AridRock1
Name=9
Pos=103835,1041.65,152724
Orient=0,-0.854714,0,0.519099
Scale=1,1,1
Flags=1

