[ENTRY]
ID=151056351
Asset=Manipulator-SpawnPoint
Name=9
Pos=104640,417.99,131642
Orient=0,0,0,1
Scale=1,1,1
Layer=151011022

[ENTRY]
ID=151056415
Asset=Manipulator-PathNode
Name=9
Pos=104747,394.958,131402
Orient=0,0,0,1
Scale=1,1,1

[ENTRY]
ID=151056416
Asset=Manipulator-SpawnPoint
Name=9
Pos=104253,459.375,131699
Orient=0,-0.783327,0,0.62161
Scale=1,1,1
Layer=151011059

