[ENTRY]
ID=151018611
Asset=Prop-Lamp_Post_Junk#Prop-Lamp_Post_Junk2
Name=9
Pos=104290,801.34,143812
Orient=-0.0702781,0.101449,0.0475042,0.991218
Scale=1.575,1.575,1.575
Flags=1

[ENTRY]
ID=151018616
Asset=CL-AridBush6#CL-AridBush6
Name=9
Pos=104339,799.908,143883
Orient=0,0.457338,0,0.889293
Scale=1,1,1
Flags=1

