[ENTRY]
ID=151000083
Asset=Prop-Autumn_Tree#Prop-Autumn_Tree1
Name=9
Pos=104557,609.176,128163
Orient=0.0681923,-0.972584,0.0155504,-0.221786
Scale=1.6,1.6,1.6
Flags=1

[ENTRY]
ID=151056290
Asset=Manipulator-SpawnPoint
Name=9
Pos=104415,416.51,127703
Orient=0,0,0,1
Scale=1,1,1
Layer=151011004

[ENTRY]
ID=151057288
Asset=Manipulator-PathNode
Name=9
Pos=104759,617.304,128077
Orient=0,0,0,1
Scale=1,1,1

