[ENTRY]
ID=151018329
Asset=Prop-Lamp_Post_Junk#Prop-Lamp_Post_Junk1
Name=9
Pos=104413,841.729,154536
Orient=0,0.966185,0,0.25785
Scale=1.55,1.55,1.55
Flags=1

[ENTRY]
ID=151018330
Asset=CL-AridBush6#CL-AridBush6
Name=9
Pos=104418,837.798,154622
Orient=0,0,0,1
Scale=1,1,1
Flags=1

