[ENTRY]
ID=151019149
Asset=CL-SnowyPine3#CL-SnowyPine3
Name=9
Pos=104904,1339.94,161615
Orient=0,0.786425,0,0.617685
Scale=2.6,2.6,2.6
Flags=1

[ENTRY]
ID=151031207
Asset=Manipulator-SpawnPoint
Name=9
Pos=104978,1328.63,161476
Orient=0,0.998952,0,0.0457803
Scale=1,1,1
Layer=151002168

[ENTRY]
ID=151031208
Asset=Manipulator-SpawnPoint
Name=9
Pos=104997,1328.63,161571
Orient=0,0.994924,0,0.100626
Scale=1,1,1
Layer=151002168

