[ENTRY]
ID=151056412
Asset=Manipulator-SpawnPoint
Name=9
Pos=104759,366.159,133318
Orient=0,0,0,1
Scale=1,1,1
Layer=151011057

[ENTRY]
ID=151056413
Asset=Manipulator-SpawnPoint
Name=9
Pos=104815,374.018,132860
Orient=0,0.564642,0,0.825336
Scale=1,1,1
Layer=151011058

