[ENTRY]
ID=151019365
Asset=Prop-Snowy_Pine_Tree#Prop-Snowy_Pine_Tree5
Name=9
Pos=104412,971.573,160380
Orient=0,0.991008,0,-0.133801
Scale=10,10,10
Flags=1

[ENTRY]
ID=151031040
Asset=Manipulator-SpawnPoint
Name=9
Pos=104442,967.457,160191
Orient=0,0,0,1
Scale=1,1,1
Layer=151002140

