[ENTRY]
ID=151007131
Asset=Prop-Campfire
Name=9
Pos=104746,634.165,136468
Orient=0,0,0,1
Scale=4.325,4.325,4.325
Flags=1

[ENTRY]
ID=151055609
Asset=Manipulator-SpawnPoint
Name=9
Pos=104903,563.995,136355
Orient=0,-0.978899,0,0.204347
Scale=1,1,1
Layer=151010688

[ENTRY]
ID=151055612
Asset=Manipulator#Manipulator-PathNode
Name=9
Pos=104774,631.676,136498
Orient=0,0,0,1
Scale=1,1,1

[ENTRY]
ID=151056536
Asset=Manipulator-SpawnPoint
Name=9
Pos=104611,471.516,135759
Orient=0,0,0,1
Scale=1,1,1
Layer=151011154

[ENTRY]
ID=151056542
Asset=Manipulator#Manipulator-PathNode
Name=9
Pos=104312,453.64,135801
Orient=0,0,0,1
Scale=1,1,1

