[ENTRY]
ID=151028036
Asset=CL-Sick-Pine4#CL-Sick-Pine4
Name=9
Pos=105130,835.255,145169
Orient=0,-0.20846,0,0.978031
Scale=3,3,3
Flags=1

[ENTRY]
ID=151030189
Asset=Manipulator-SpawnPoint
Name=9
Pos=105095,908.655,145023
Orient=0,0,0,1
Scale=1,1,1
Layer=151001745

