[ENTRY]
ID=151018673
Asset=Prop-Lamp_Post_Junk#Prop-Lamp_Post_Junk2
Name=9
Pos=105006,1101.41,147933
Orient=-0.0467905,-0.443697,-0.0736615,0.891918
Scale=1,1,1
Flags=1

[ENTRY]
ID=151018674
Asset=CL-AridBush5#CL-AridBush5
Name=9
Pos=105016,1104.46,147946
Orient=0,0,0,1
Scale=1,1,1
Flags=1

[ENTRY]
ID=151022467
Asset=CL-Sick-Pine1#CL-Sick-Pine1
Name=9
Pos=105656,1155.01,148333
Orient=0,0,0,1
Scale=3.4,3.4,3.4
Flags=1

