[ENTRY]
ID=151055837
Asset=CL-Plains_Bush2#CL-Plains_Bush2
Name=9
Pos=105422,366.257,129690
Orient=0,0.681639,0,0.731689
Scale=1.3,1.3,1.3
Flags=1

[ENTRY]
ID=151056337
Asset=Manipulator-SpawnPoint
Name=9
Pos=105302,432.547,129245
Orient=0,0,0,1
Scale=1,1,1
Layer=151011008

