[ENTRY]
ID=151046050
Asset=CL-Fence-Stone_Blue3#CL-Fence-Stone_Blue3
Name=9
Pos=105320,439.376,134213
Orient=0,-0.0699428,0,0.997551
Scale=1,1,1

[ENTRY]
ID=151056360
Asset=Manipulator-SpawnPoint
Name=9
Pos=105518,443.854,133614
Orient=0,0,0,1
Scale=1,1,1
Layer=151011031

