[ENTRY]
ID=151018331
Asset=Prop-Lamp_Post_Junk#Prop-Lamp_Post_Junk2
Name=9
Pos=105668,892.032,155477
Orient=0,-0.281157,0,0.959662
Scale=1.575,1.575,1.575
Flags=1

[ENTRY]
ID=151018332
Asset=CL-AridBush2#CL-AridBush2
Name=9
Pos=105668,895.42,155441
Orient=0,0,0,1
Scale=1,1,1
Flags=1

