[ENTRY]
ID=151028364
Asset=Prop-Pine-Sick_Tree#Prop-Pine-Sick_Tree6
Name=9
Pos=105642,882.981,157411
Orient=0,0.688921,0,0.724836
Scale=10,10,10

[ENTRY]
ID=151030709
Asset=Manipulator-SpawnPoint
Name=9
Pos=105689,889.205,157172
Orient=0,0,0,1
Scale=1,1,1
Layer=151001974

[ENTRY]
ID=151030713
Asset=Manipulator-SpawnPoint
Name=9
Pos=105556,866.345,157072
Orient=0,0,0,1
Scale=1,1,1
Layer=151001974

