[ENTRY]
ID=151017840
Asset=Arid_Clutter?d=0.9&amp;s=875677&amp;sz=800
Name=9
Pos=105483,773.443,143931
Orient=0,0,0,1
Scale=1.725,1.725,1.725
Flags=1

[ENTRY]
ID=151027828
Asset=CL-Sick-Pine2#CL-Sick-Pine2
Name=9
Pos=105460,770.11,143871
Orient=0,0.867423,0,0.497571
Scale=4.15,4.15,4.15
Flags=1

[ENTRY]
ID=151030164
Asset=Manipulator-SpawnPoint
Name=9
Pos=105440,779.743,143545
Orient=0,0,0,1
Scale=1,1,1
Layer=151001740

