[ENTRY]
ID=151017848
Asset=CL-Sick-Pine5#CL-Sick-Pine5
Name=9
Pos=105296,1080.57,147529
Orient=0,0.0499792,0,0.99875
Scale=1.875,1.875,1.875
Flags=1

[ENTRY]
ID=151024044
Asset=Warpig_Walls#Prop-Warpig_Tower
Name=9
Pos=105042,1061.62,147148
Orient=-0.0131213,-0.504839,-0.036475,0.862343
Scale=2.7,2.7,2.7
Flags=1

[ENTRY]
ID=151024064
Asset=Warpig_Walls#Prop-Warpig_Wall1
Name=9
Pos=105272,1055.77,147099
Orient=0,0.996457,0,-0.0841045
Scale=2.025,2.025,2.025
Flags=1

[ENTRY]
ID=151027992
Asset=CL-Sick-Pine5#CL-Sick-Pine5
Name=9
Pos=105656,1397.85,147709
Orient=0,-0.380188,0,0.924909
Scale=1.325,1.325,1.325
Flags=1

