[ENTRY]
ID=151027677
Asset=Prop-Anubian_Camp#Prop-Anubian_Palisade
Name=9
Pos=105106,883.664,144624
Orient=-0.144076,0.37424,0.121073,0.908035
Scale=2.45,2.45,2.45
Flags=1

[ENTRY]
ID=151030168
Asset=Manipulator-SpawnPoint
Name=9
Pos=105177,780.452,144101
Orient=0,0,0,1
Scale=1,1,1
Layer=151001741

[ENTRY]
ID=151040116
Asset=Prop-Anubian_Palisade
Name=9
Pos=105500,977.728,144328
Orient=0.316207,-0.781054,0.0907007,0.530793
Scale=1.725,1.725,1.725

