[ENTRY]
ID=151027671
Asset=CL-Warpig_Camp1#CL-Warpig_Camp1
Name=9
Pos=106100,1129.98,144315
Orient=0,-0.129634,0,0.991562
Scale=1,1,1
Flags=1

[ENTRY]
ID=151027673
Asset=CL-Camp_Raider1#CL-Camp_Raider1
Name=9
Pos=106299,1129.97,144016
Orient=0,-0.767543,0,0.640997
Scale=1.275,1.275,1.275
Flags=1

