[ENTRY]
ID=151021740
Asset=CL-Sick-Pine2#CL-Sick-Pine2
Name=9
Pos=106168,1991.67,147487
Orient=0,-0.380188,0,0.924909
Scale=0.975,0.975,0.975
Flags=1

[ENTRY]
ID=151027982
Asset=CL-AridRock4#CL-AridRock4
Name=9
Pos=106411,1526.21,147073
Orient=0,0,0,1
Scale=1,1,1
Flags=1

[ENTRY]
ID=151027990
Asset=CL-Sick-Pine4#CL-Sick-Pine4
Name=9
Pos=105899,1668.23,147650
Orient=0,-0.380188,0,0.924909
Scale=1.325,1.325,1.325
Flags=1

