[ENTRY]
ID=151036779
Asset=Prop-Fence-Stone_Blue1
Name=9
Pos=105829,525.116,128155
Orient=0,0.999989,0,-0.00460181
Scale=8.125,8.125,8.125
Flags=1

[ENTRY]
ID=151036786
Asset=Prop-Fence-Stone_Blue1
Name=9
Pos=105804,469.802,128143
Orient=0,0.999989,0,-0.00460181
Scale=7.8,7.8,7.8
Flags=1

[ENTRY]
ID=151036787
Asset=Prop-Fence-Stone_Blue_Post
Name=9
Pos=105821,412.354,128127
Orient=0,-0.0099998,0,0.99995
Scale=10,10,10
Flags=1

[ENTRY]
ID=151056340
Asset=Manipulator-SpawnPoint
Name=9
Pos=106150,436.894,128241
Orient=0,0,0,1
Scale=1,1,1
Layer=151011011

