[ENTRY]
ID=151038147
Asset=CL-Autumn_Forest7
Name=9
Pos=106743,609.337,132728
Orient=0,0.824886,0,0.5653
Scale=1,1,1
Flags=1

[ENTRY]
ID=151056782
Asset=Manipulator-SpawnPoint
Name=9
Pos=107212,561.059,132107
Orient=0,0.983701,0,0.179813
Scale=1,1,1
Layer=151011270

