[ENTRY]
ID=151018953
Asset=Prop-Skrill_Mound
Name=9
Pos=106550,808.962,141397
Orient=0,-0.937369,0,0.348337
Scale=2.125,2.125,2.125
Flags=1

[ENTRY]
ID=151018967
Asset=Prop-Skrill_Mound
Name=9
Pos=106708,916.914,141654
Orient=0,-0.104806,0,0.994493
Scale=3.55,3.55,3.55
Flags=1

