[ENTRY]
ID=151055652
Asset=Prop-Bush-Large3
Name=9
Pos=106905,520.934,137126
Orient=0,0.109779,0,0.993956
Scale=2.125,2.125,2.125

[ENTRY]
ID=151055660
Asset=Manipulator#Manipulator-PathNode
Name=9
Pos=106766,515.721,137127
Orient=0,0,0,1
Scale=1,1,1

[ENTRY]
ID=151055661
Asset=Manipulator-SpawnPoint
Name=9
Pos=106790,519.036,137135
Orient=0,-0.124675,0,0.992198
Scale=1,1,1
Layer=151010714

[ENTRY]
ID=151055662
Asset=Manipulator-SpawnPoint
Name=9
Pos=106915,522.335,137209
Orient=0,0,0,1
Scale=1,1,1
Layer=151010715

