[ENTRY]
ID=151038149
Asset=CL-Pine_Forest5#CL-Pine_Forest5
Name=9
Pos=106901,586.264,132848
Orient=0,0.457338,0,0.889293
Scale=2.15,2.15,2.15
Flags=1

[ENTRY]
ID=151056397
Asset=Manipulator-SpawnPoint
Name=9
Pos=106624,570.478,133010
Orient=0,0,0,1
Scale=1,1,1
Layer=151011054

[ENTRY]
ID=151056410
Asset=Manipulator-SpawnPoint
Name=9
Pos=106530,507.686,133278
Orient=0,0,0,1
Scale=1,1,1
Layer=151011055

