[ENTRY]
ID=151028428
Asset=Prop-Pine-Sick_Tree#Prop-Pine-Sick_Tree5
Name=9
Pos=106879,994.938,155180
Orient=0,0,0.059964,0.998201
Scale=6.425,6.425,6.425
Flags=1

[ENTRY]
ID=151028433
Asset=CL-Sick-Pine3#CL-Sick-Pine3
Name=9
Pos=107040,991.616,154854
Orient=0,0,0,1
Scale=1.8,1.8,1.8
Flags=1

[ENTRY]
ID=151028434
Asset=CL-Sick-Pine2#CL-Sick-Pine2
Name=9
Pos=107014,984.049,155009
Orient=0,-0.21823,0,0.975897
Scale=2.7,2.7,2.7
Flags=1

[ENTRY]
ID=151030759
Asset=Manipulator-SpawnPoint
Name=9
Pos=107025,968.63,155182
Orient=0,0,0,1
Scale=1,1,1
Layer=151001991

