[ENTRY]
ID=151017828
Asset=Arid_Clutter?d=0.9&amp;s=875677&amp;sz=800
Name=9
Pos=107088,908.943,154341
Orient=0,0.17903,0,0.983844
Scale=1,1,1
Flags=1

