[ENTRY]
ID=151000100
Asset=Prop-Autumn_Hill_Tree#Prop-Autumn_Hill_Tree2
Name=9
Pos=106722,399.871,134559
Orient=0,0.356949,0,0.934124
Scale=1.625,1.625,1.625
Flags=1

[ENTRY]
ID=151037765
Asset=CL-Troll_Hut1
Name=9
Pos=107150,399.186,134970
Orient=0,-0.644218,0,0.764842
Scale=2.425,2.425,2.425
Flags=1

[ENTRY]
ID=151056394
Asset=Manipulator-SpawnPoint
Name=9
Pos=106947,385.631,134496
Orient=0,0,0,1
Scale=1,1,1
Layer=151011052

