[ENTRY]
ID=151020255
Asset=Prop-Burnt_Pines#Prop-Burnt_Pine2
Name=9
Pos=107385,983.445,152221
Orient=0,0,0,1
Scale=4.725,4.725,4.725
Flags=1

[ENTRY]
ID=151020543
Asset=Prop-Swineland-Junk_Pile#Prop-Swineland-Junk_Pile1
Name=9
Pos=107744,1335.58,151758
Orient=0,-0.509841,0,0.860269
Scale=3.4,3.4,3.4
Flags=1

