[ENTRY]
ID=151056819
Asset=Manipulator#Manipulator-PathNode
Name=9
Pos=107858,529.331,136564
Orient=0,0,0,1
Scale=1,1,1

[ENTRY]
ID=151056823
Asset=Manipulator-SpawnPoint
Name=9
Pos=107701,542.698,136862
Orient=0,-0.564642,0,0.825336
Scale=0.9,0.9,0.9
Layer=151011297

[ENTRY]
ID=151056824
Asset=Manipulator#Manipulator-PathNode
Name=9
Pos=107810,491.493,137204
Orient=0,0,0,1
Scale=1,1,1

