[ENTRY]
ID=151024451
Asset=CL-AridBush2#CL-AridBush2
Name=9
Pos=108578,885.273,157529
Orient=0,0,0,1
Scale=1,1,1

[ENTRY]
ID=151024452
Asset=CL-AridBush6#CL-AridBush6
Name=9
Pos=108748,914.118,157527
Orient=0,0.0948572,0,0.995491
Scale=1,1,1

[ENTRY]
ID=151028373
Asset=Prop-Pine-Sick_Tree#Prop-Pine-Sick_Tree8
Name=9
Pos=108395,864.276,157659
Orient=0.0269704,-0.770267,-0.0222957,0.636761
Scale=7.35,7.35,7.35

[ENTRY]
ID=151029584
Asset=Manipulator-PathNode
Name=9
Pos=108173,993.831,158207
Orient=0,0,0,1
Scale=1,1,1

