[ENTRY]
ID=151034896
Asset=Autumn_Forest?d=0.9&amp;s=871817&amp;sz=800
Name=9
Pos=108200,459.074,137718
Orient=0,-0.198669,0,0.980067
Scale=1.525,1.525,1.525
Flags=1

[ENTRY]
ID=151056836
Asset=Manipulator-SpawnPoint
Name=9
Pos=108748,460.661,137911
Orient=0,0,0,1
Scale=1,1,1
Layer=151011304

