[ENTRY]
ID=151056818
Asset=Manipulator-SpawnPoint
Name=9
Pos=108113,488.182,136863
Orient=0,0.822049,0,0.569417
Scale=1,1,1
Layer=151011294

[ENTRY]
ID=151056820
Asset=Manipulator-SpawnPoint
Name=9
Pos=108259,482.106,136902
Orient=0,-0.872355,0,0.488872
Scale=1,1,1
Layer=151011295

[ENTRY]
ID=151056821
Asset=Manipulator#Manipulator-PathNode
Name=9
Pos=108152,433.759,137211
Orient=0,0,0,1
Scale=1,1,1

