[ENTRY]
ID=151037873
Asset=Prop-Willow_Tree2
Name=9
Pos=108433,441.149,135373
Orient=0,-0.237703,0,0.971338
Scale=1.525,1.525,1.525
Flags=1

[ENTRY]
ID=151037875
Asset=Prop-Willow_Tree#Prop-Willow_Tree1
Name=9
Pos=108536,437.937,135348
Orient=0,0.188859,0,0.982004
Scale=1.025,1.025,1.025
Flags=1

[ENTRY]
ID=151056763
Asset=Manipulator-SpawnPoint
Name=9
Pos=108725,474.687,135741
Orient=0,0,0,1
Scale=1,1,1
Layer=151011261

[ENTRY]
ID=151057398
Asset=Manipulator-SpawnPoint
Name=9
Pos=108437,453.336,135556
Orient=0,0,0,1
Scale=1,1,1
Layer=151011611

