[ENTRY]
ID=151037856
Asset=CL-Swamp_Bushes2
Name=9
Pos=109361,346.604,134381
Orient=0,0,0,1
Scale=2.55,2.55,2.55
Flags=1

[ENTRY]
ID=151037865
Asset=Prop-Willow_Tree#Prop-Willow_Tree4
Name=9
Pos=109394,347.472,134425
Orient=0,-0.967462,0,0.253016
Scale=1.95,1.95,1.95

[ENTRY]
ID=151037866
Asset=Prop-Willow_Tree#Prop-Willow_Tree3
Name=9
Pos=109432,360.917,134474
Orient=0,-0.95209,0,0.305817
Scale=1.15,1.15,1.15

