[ENTRY]
ID=151056670
Asset=Manipulator-SpawnPoint
Name=9
Pos=109131,474.678,136768
Orient=0,0,0,1
Scale=1,1,1
Layer=151011204

[ENTRY]
ID=151056803
Asset=Manipulator-SpawnPoint
Name=9
Pos=109423,413.889,136626
Orient=0,-0.164252,0,0.986418
Scale=1,1,1
Layer=151011283

