[ENTRY]
ID=151046069
Asset=CL-Fence-Stone_Blue5#CL-Fence-Stone_Blue5
Name=9
Pos=110166,419.484,138860
Orient=0,-0.29074,0,0.956802
Scale=1,1,1

[ENTRY]
ID=151056841
Asset=Manipulator-SpawnPoint
Name=9
Pos=109791,520.035,139112
Orient=0,0,0,1
Scale=1,1,1
Layer=151011308

[ENTRY]
ID=151056851
Asset=Manipulator#Manipulator-PathNode
Name=9
Pos=109928,491.112,139177
Orient=0,0,0,1
Scale=1,1,1

