[ENTRY]
ID=151034696
Asset=Autumn_Forest?d=0.9&amp;s=812347&amp;sz=800
Name=9
Pos=109739,474.351,138654
Orient=0,0.46178,0,0.886994
Scale=1.175,1.175,1.175
Flags=1

[ENTRY]
ID=151058267
Asset=Manipulator-SpawnPoint
Name=9
Pos=109572,499.245,138641
Orient=0,0,0,1
Scale=0.25,0.25,0.25
Layer=151011883

