[ENTRY]
ID=151038144
Asset=CL-Autumn_Forest6#CL-Autumn_Forest6
Name=9
Pos=109803,420.429,131122
Orient=0,0.13459,0,0.990901
Scale=1,1,1
Flags=1

[ENTRY]
ID=151056695
Asset=Manipulator-SpawnPoint
Name=9
Pos=110037,420.073,130789
Orient=0,-0.104807,0,0.994493
Scale=1,1,1
Layer=151011229

[ENTRY]
ID=151056711
Asset=Manipulator#Manipulator-PathNode
Name=9
Pos=109953,444.106,130787
Orient=0,0,0,1
Scale=1,1,1

