[ENTRY]
ID=151029473
Asset=Manipulator-SpawnPoint
Name=9
Pos=110161,723.221,158242
Orient=0,0.786425,0,0.617686
Scale=1,1,1
Layer=151001613

[ENTRY]
ID=151029477
Asset=Manipulator-SpawnPoint
Name=9
Pos=110066,728.445,158061
Orient=0,0,0,1
Scale=1,1,1
Layer=151001614

