[ENTRY]
ID=151056842
Asset=Manipulator-SpawnPoint
Name=9
Pos=110258,410.178,139598
Orient=0,0,0,1
Scale=1,1,1
Layer=151011309

[ENTRY]
ID=151056843
Asset=Manipulator-SpawnPoint
Name=9
Pos=110535,442.237,139636
Orient=0,-0.999023,0,-0.0441893
Scale=1,1,1
Layer=151011310

[ENTRY]
ID=151056845
Asset=Manipulator#Manipulator-PathNode
Name=9
Pos=110259,391.211,139743
Orient=0,0,0,1
Scale=1,1,1

