[ENTRY]
ID=151056675
Asset=Manipulator-SpawnPoint
Name=9
Pos=110741,405.133,135124
Orient=0,0,0,1
Scale=1,1,1
Layer=151011209

[ENTRY]
ID=151056758
Asset=Manipulator-SpawnPoint
Name=9
Pos=110563,522.501,135608
Orient=0,0.942489,0,0.334238
Scale=1,1,1
Layer=151011260

[ENTRY]
ID=151056759
Asset=Manipulator-SpawnPoint
Name=9
Pos=110766,451.921,135685
Orient=0,0,0,1
Scale=1,1,1
Layer=151011259

