[ENTRY]
ID=151056767
Asset=Manipulator-SpawnPoint
Name=9
Pos=111210,334.025,133655
Orient=0,0,0,1
Scale=1,1,1
Layer=151011263

[ENTRY]
ID=151056769
Asset=Manipulator-SpawnPoint
Name=9
Pos=111356,346.76,133889
Orient=0,0,0,1
Scale=1,1,1
Layer=151011264

[ENTRY]
ID=151056956
Asset=Manipulator-SpawnPoint
Name=9
Pos=111624,424.84,133696
Orient=0,0.926499,0,0.376297
Scale=0.95,0.95,0.95
Layer=151011358

[ENTRY]
ID=151056959
Asset=Manipulator-SpawnPoint
Name=9
Pos=111687,448.912,134132
Orient=0,0,0,1
Scale=1,1,1
Layer=151011361

