[ENTRY]
ID=151046073
Asset=CL-Fence-Stone_Blue3#CL-Fence-Stone_Blue3
Name=9
Pos=111191,410.222,139442
Orient=0,-0.0848977,0,0.99639
Scale=1,1,1

[ENTRY]
ID=151046074
Asset=CL-Fence-Stone_Blue3
Name=9
Pos=111300,416.032,139324
Orient=0,-0.0848977,0,0.99639
Scale=1,1,1

[ENTRY]
ID=151046075
Asset=CL-Fence-Stone_Blue3#CL-Fence-Stone_Blue3
Name=9
Pos=111613,410.581,139348
Orient=0,0.998444,0,0.0557674
Scale=1,1,1

