[ENTRY]
ID=151018339
Asset=Prop-Lamp_Post_Junk#Prop-Lamp_Post_Junk3
Name=9
Pos=111448,705.514,155420
Orient=0,-0.501213,0,0.865324
Scale=1.675,1.675,1.675
Flags=1

[ENTRY]
ID=151018342
Asset=CL-AridRock3#CL-AridRock3
Name=9
Pos=111439,708.26,155427
Orient=0,0,0,1
Scale=1,1,1
Flags=1

[ENTRY]
ID=151018343
Asset=CL-AridRock5#CL-AridRock5
Name=9
Pos=111442,705.033,155571
Orient=0,0,0,1
Scale=1,1,1
Flags=1

[ENTRY]
ID=151018344
Asset=CL-AridBush6#CL-AridBush6
Name=9
Pos=111313,704.942,155357
Orient=0,0,0,1
Scale=1,1,1
Flags=1

