[ENTRY]
ID=151018345
Asset=Prop-Lamp_Post_Junk#Prop-Lamp_Post_Junk1
Name=9
Pos=111859,723.647,154091
Orient=0,0.479426,0,0.877582
Scale=1.625,1.625,1.625
Flags=1

[ENTRY]
ID=151018346
Asset=CL-AridBush4#CL-AridBush4
Name=9
Pos=111870,730.96,154094
Orient=0,0,0,1
Scale=1,1,1
Flags=1

[ENTRY]
ID=151030864
Asset=Manipulator-SpawnPoint
Name=9
Pos=112356,869.789,154388
Orient=0,0,0,1
Scale=1,1,1
Layer=151002048

