[ENTRY]
ID=151034965
Asset=CL-Autumn_Forest7#CL-Autumn_Forest7
Name=9
Pos=112160,380.72,138803
Orient=0,0.295521,0,0.955336
Scale=1.3,1.3,1.3
Flags=1

[ENTRY]
ID=151056737
Asset=Manipulator-SpawnPoint
Name=9
Pos=112330,409.244,139037
Orient=0,0,0,1
Scale=1,1,1
Layer=151011250

