[ENTRY]
ID=151025291
Asset=CL-SnowyPine3
Name=9
Pos=111880,1209.25,160219
Orient=-0.0207016,0.560334,-0.0140113,0.82789
Scale=1,1,1

