[ENTRY]
ID=151019160
Asset=CL-SnowyPine3#CL-SnowyPine3
Name=9
Pos=111958,810.362,159095
Orient=0,0,0,1
Scale=1,1,1
Flags=1

[ENTRY]
ID=151029513
Asset=Manipulator-SpawnPoint
Name=9
Pos=112224,698.72,159194
Orient=0,0.314567,0,0.949235
Scale=1,1,1
Layer=151001630

[ENTRY]
ID=151029535
Asset=Manipulator-PathNode
Name=9
Pos=112414,667.196,159033
Orient=0,0,0,1
Scale=1,1,1

