[ENTRY]
ID=151029512
Asset=Manipulator-SpawnPoint
Name=9
Pos=112836,642.542,159239
Orient=0,0,0,1
Scale=1,1,1
Layer=151001629

[ENTRY]
ID=151029523
Asset=Manipulator-SpawnPoint
Name=9
Pos=112529,655.12,159196
Orient=0,0.644218,0,0.764842
Scale=1,1,1
Layer=151001636

[ENTRY]
ID=151029530
Asset=Manipulator-SpawnPoint
Name=9
Pos=112991,738.529,159011
Orient=0,0.995415,0,0.0956497
Scale=1,1,1
Layer=151001638

