[ENTRY]
ID=151018029
Asset=Arid_Clutter?d=0.9&amp;s=875677&amp;sz=800
Name=9
Pos=112554,559.376,157925
Orient=0,0,0,1
Scale=1,1,1

[ENTRY]
ID=151029514
Asset=Manipulator-SpawnPoint
Name=9
Pos=113005,667.772,158238
Orient=0,-0.945784,0,0.324796
Scale=1,1,1
Layer=151001631

[ENTRY]
ID=151029515
Asset=Manipulator-SpawnPoint
Name=9
Pos=113153,676.38,158206
Orient=0,-0.948985,0,0.315322
Scale=1,1,1
Layer=151001632

[ENTRY]
ID=151030817
Asset=Manipulator-SpawnPoint
Name=9
Pos=112568,590.106,157717
Orient=0,0,0,1
Scale=1,1,1
Layer=151002014

