[ENTRY]
ID=151040094
Asset=CL-SnowyPine5
Name=9
Pos=112890,1522.9,141953
Orient=0,0.613117,0,0.789992
Scale=2.775,2.775,2.775

