[ENTRY]
ID=151056645
Asset=Manipulator-SpawnPoint
Name=9
Pos=113695,428.673,138557
Orient=0,-0.830497,0,0.557023
Scale=1,1,1
Layer=151011183

[ENTRY]
ID=151056646
Asset=Manipulator-SpawnPoint
Name=9
Pos=113835,447.829,138167
Orient=0,0,0,1
Scale=1,1,1
Layer=151011184

