[ENTRY]
ID=151057792
Asset=Manipulator-SpawnPoint
Name=9
Pos=113341,465.494,136585
Orient=0,-0.505533,0,0.862807
Scale=1,1,1
Layer=151011760

[ENTRY]
ID=151057793
Asset=Manipulator-SpawnPoint
Name=9
Pos=113462,466.419,136521
Orient=0,-0.568762,0,0.822502
Scale=1,1,1
Layer=151011761

