[ENTRY]
ID=151018007
Asset=Arid_Clutter?d=0.9&amp;s=8898677&amp;sz=800
Name=9
Pos=113618,616.867,150621
Orient=0,0.232843,0,0.972514
Scale=1,1,1
Flags=1

[ENTRY]
ID=151030990
Asset=Manipulator-SpawnPoint
Name=9
Pos=113573,620.716,150029
Orient=0,0,0,1
Scale=1,1,1
Layer=151002125

[ENTRY]
ID=151030991
Asset=Manipulator-SpawnPoint
Name=9
Pos=113821,657.628,150607
Orient=0,0,0,1
Scale=1,1,1
Layer=151002126

