[ENTRY]
ID=151018006
Asset=Arid_Clutter?d=0.9&amp;s=875677&amp;sz=800
Name=9
Pos=113333,604.847,151556
Orient=0,0.232843,0,0.972514
Scale=1,1,1
Flags=1

[ENTRY]
ID=151030998
Asset=Manipulator-SpawnPoint
Name=9
Pos=113797,600.763,151622
Orient=0,0,0,1
Scale=1,1,1
Layer=151002131

[ENTRY]
ID=151031000
Asset=Manipulator-SpawnPoint
Name=9
Pos=113687,696.323,151998
Orient=0,0,0,1
Scale=1,1,1
Layer=151002133

