[ENTRY]
ID=151018349
Asset=Prop-Lamp_Post_Junk#Prop-Lamp_Post_Junk1
Name=9
Pos=113700,711.378,152537
Orient=0,-0.992904,0,-0.118921
Scale=1,1,1
Flags=1

[ENTRY]
ID=151018350
Asset=CL-AridBush5#CL-AridBush5
Name=9
Pos=113699,712.061,152407
Orient=0,0.999991,0,-0.00420359
Scale=1,1,1
Flags=1

