[ENTRY]
ID=151019322
Asset=CL-SnowyPine3#CL-SnowyPine3
Name=9
Pos=113365,930.593,159146
Orient=0,0.285952,0,0.958244
Scale=1.775,1.775,1.775
Flags=1

