[ENTRY]
ID=151038142
Asset=CL-Autumn_Forest3#CL-Autumn_Forest3
Name=9
Pos=113257,401.112,133567
Orient=0,0.448422,0,0.893822
Scale=1,1,1
Flags=1

[ENTRY]
ID=151056911
Asset=Manipulator#Manipulator-PathNode
Name=9
Pos=113790,412.741,133915
Orient=0,0,0,1
Scale=1,1,1

[ENTRY]
ID=151057006
Asset=Manipulator-SpawnPoint
Name=9
Pos=113640,415.659,134122
Orient=0,0,0,1
Scale=1,1,1
Layer=151011396

