[ENTRY]
ID=151056924
Asset=Manipulator-SpawnPoint
Name=9
Pos=114264,483.332,136696
Orient=0,-0.857299,0,0.514819
Scale=1,1,1
Layer=151011344

[ENTRY]
ID=151056925
Asset=Manipulator#Manipulator-PathNode
Name=9
Pos=114095,467.507,136961
Orient=0,0,0,1
Scale=1,1,1

[ENTRY]
ID=151056975
Asset=Manipulator-SpawnPoint
Name=9
Pos=114560,376.424,136764
Orient=0,0,0,1
Scale=1,1,1
Layer=151011377

