[ENTRY]
ID=151034945
Asset=CL-Autumn_Forest5#CL-Autumn_Forest5
Name=9
Pos=114145,586.745,140270
Orient=0,0.109778,0,0.993956
Scale=1,1,1
Flags=1

[ENTRY]
ID=151054954
Asset=Bldg-WallGate1#Bldg-WallGate1?ATS=ATS-Castle
Name=9
Pos=114717,531.049,140865
Orient=0,-0.535416,0,0.844588
Scale=1,1,1
Flags=1

[ENTRY]
ID=151056881
Asset=Manipulator-SpawnPoint
Name=9
Pos=114148,540.075,140668
Orient=0,0,0,1
Scale=1,1,1
Layer=151011322

