[ENTRY]
ID=151018038
Asset=Arid_Clutter?d=0.9&amp;s=875677&amp;sz=800
Name=9
Pos=114757,737.104,154325
Orient=0,0.501213,0,0.865324
Scale=1,1,1
Flags=1

[ENTRY]
ID=151030973
Asset=Manipulator-SpawnPoint
Name=9
Pos=115163,724.14,154190
Orient=0,0,0,1
Scale=1,1,1
Layer=151002112

