[ENTRY]
ID=151018372
Asset=Prop-Lamp_Post_Junk#Prop-Lamp_Post_Junk1
Name=9
Pos=115119,643.612,156531
Orient=0,0.999526,0,0.0307915
Scale=1.225,1.225,1.225

[ENTRY]
ID=151018373
Asset=CL-AridBush3#CL-AridBush3
Name=9
Pos=115115,658.458,156545
Orient=0,0,0,1
Scale=1,1,1

[ENTRY]
ID=151030887
Asset=Manipulator-SpawnPoint
Name=9
Pos=115382,585.066,156001
Orient=0,0,0,1
Scale=1,1,1
Layer=151002061

[ENTRY]
ID=151030967
Asset=Manipulator-SpawnPoint
Name=9
Pos=114881,729.664,156029
Orient=0,0,0,1
Scale=1,1,1
Layer=151002106

