[ENTRY]
ID=151026595
Asset=CL-Dead-Forest4#CL-Dead-Forest4
Name=9
Pos=115300,1138.53,149530
Orient=0,-0.263446,0,-0.964674
Scale=1,1,1
Flags=1

