[ENTRY]
ID=151056884
Asset=Manipulator-SpawnPoint
Name=9
Pos=115112,387.037,139569
Orient=0,0,0,1
Scale=1,1,1
Layer=151011324

[ENTRY]
ID=151056888
Asset=Manipulator-SpawnPoint
Name=9
Pos=115334,436.545,140166
Orient=0,0,0,1
Scale=1,1,1
Layer=151011328

[ENTRY]
ID=151056902
Asset=Manipulator-SpawnPoint
Name=9
Pos=115195,423.354,140204
Orient=0,0.993303,0,0.115538
Scale=1,1,1
Layer=151011342

