[ENTRY]
ID=151020685
Asset=CL-AridBush3#CL-AridBush3
Name=9
Pos=115819,964.244,149221
Orient=0,0.416871,0,0.908966
Scale=1,1,1
Flags=1

