[ENTRY]
ID=151034275
Asset=Prop-Acacia_Tree3
Name=9
Pos=1.17929e+006,2550.03,200124
Orient=0.00670576,0.82766,0.00741819,0.561141
Scale=1.85,1.85,1.85

