[ENTRY]
ID=1028756
PlacedBy=0
Asset=Prop-Palm-Tree#Prop-Palm-Tree2
Name=Untitled
PX=9034.99
PY=497.673
PZ=11484.1
QX=0
QY=0.853886
QZ=0
QW=-0.52046
SX=1.5
SY=1.5
SZ=1.5
Flags=0
Layer=0
patrolSpeed=0
patrolEvent=

