[ENTRY]
ID=1056964691
Asset=Prop-Nest-Large_Nest
Pos=2013.22,1488.59,1637.21
Orient=-0.468822,0.219076,0.635234,0.573314
Scale=1.375,1.375,1.375
Flags=1

