[ENTRY]
ID=500397
Asset=Prop-Lamp_Post_NB1
Pos=19344.7,1171.65,35247.2
Orient=0,-0.710353,0,0.703845
Scale=1.225,1.225,1.225
Flags=1

