[ENTRY]
ID=500399
Asset=Prop-Lamp_Post_NB1
Pos=20522.4,1492.93,26559.6
Orient=0,-0.227978,0,0.973666
Scale=1,1,1

[ENTRY]
ID=500400
Asset=Prop-Lamp_Post_NB#Prop-Lamp_Post_NB1
Pos=20976.2,1496,26797
Orient=0,0,0,1
Scale=1,1,1

[ENTRY]
ID=500401
Asset=Prop-Lamp_Post_NB#Prop-Lamp_Post_NB2
Pos=20025.2,1537.66,26384.9
Orient=0,0.129634,0,0.991562
Scale=1,1,1

