[ENTRY]
ID=906204
PlacedBy=0
Asset=CL-UndeadBoulder2
Name=Scenery/67434
PX=6563.71
PY=2463.54
PZ=8148.51
QX=0
QY=-0.430458
QZ=0
QW=0.902611
SX=1
SY=1
SZ=1
Flags=0
Layer=0
patrolSpeed=0
patrolEvent=

