[ENTRY]
ID=906203
PlacedBy=0
Asset=CL-UndeadBoulder2
Name=Scenery/67433
PX=10307.5
PY=2464.53
PZ=6957.8
QX=0
QY=-0.430458
QZ=0
QW=0.902611
SX=1
SY=1
SZ=1
Flags=0
Layer=0
patrolSpeed=0
patrolEvent=

