[ENTRY]
ID=687865990
Asset=CL-Furniture1
Pos=1065,-1.52588e-005,950
Orient=0,-0.92269,0,0.385543
Scale=0.525,0.525,0.525

