[ENTRY]
ID=10000000
Asset=Manipulator-SpawnPoint
Pos=3530,770,5009
Orient=0,0,0,1
Scale=1,1,1
Facing=127
sceneryName=generated_spawn
spawnPackage=z38_eur_gen_Exit_to_Midlands_900

[ENTRY]
ID=637535414
Asset=Prop-Interact_Rectangle#Prop-Interact_Rectangle
Pos=3530.22,770,5008.21
Orient=0,0.699716,0,0.714421
Scale=1.5,1.5,1.5

[ENTRY]
ID=637536199
Asset=Prop-Instance_Entrance#Prop-Instance_Entrance
Pos=3530.56,794.98,5004.8
Orient=0,-0.717356,0,0.696707
Scale=1,1,1

