[ENTRY]
ID=151018071
Asset=Manipulator-SpawnPoint
Pos=6962.8,83.124,60266
Orient=0,0,0,1
Scale=1,1,1
spawnPackage=4_ewd_coastalCrabquatch_o_33_34
outerRadius=30
despawnTime=100

[ENTRY]
ID=151018073
Asset=Manipulator-SpawnPoint
Pos=7144.9,68.8497,60569
Orient=0,0,0,1
Scale=1,1,1
innerRadius=99
spawnPackage=4_ewd_coastalCrabquatch_o_33_34
outerRadius=100

[ENTRY]
ID=151018810
Asset=Manipulator-SpawnPoint
Pos=7138.5,68.8512,60543
Orient=0,0,0,1
Scale=1,1,1
spawnPackage=4_ewd_kingsley_k_34
outerRadius=125

[ENTRY]
ID=151054683
Asset=Par-Waves-1-Emitter
Pos=6772,64.691,60600
Orient=0,-0.656986,0,0.753903
Scale=3,3,3

[ENTRY]
ID=151054707
Asset=Par-Waves-1-Emitter
Pos=6795,64.691,60022
Orient=0,-0.752476,0,0.658619
Scale=3,3,3

