[ENTRY]
ID=151018086
Asset=Manipulator-SpawnPoint
Pos=7300.2,205.762,62870
Orient=0,0,0,1
Scale=1,1,1
spawnPackage=4_ewd_coastalCrabquatch_o_33_34
outerRadius=30

[ENTRY]
ID=151018087
Asset=Manipulator-SpawnPoint
Pos=7328.3,181.275,62582
Orient=0,0,0,1
Scale=1,1,1
spawnPackage=4_ewd_coastalCrabquatch_o_33_34
outerRadius=30

[ENTRY]
ID=151054666
Asset=Par-Waves-1-Emitter
Pos=6969.9,64.691,62709
Orient=0,-0.732382,0,0.680894
Scale=3,3,3

