[ENTRY]
ID=151018080
Asset=Manipulator-SpawnPoint
Pos=7599,187.328,61651
Orient=0,0,0,1
Scale=1,1,1
spawnPackage=4_ewd_coastalCrabquatch_o_33_34
outerRadius=30

[ENTRY]
ID=151019571
Asset=Par-Waves-1-Emitter
Pos=7840.7,62.0909,61940
Orient=0,-0.36479,0,-0.93109
Scale=2,2,2
Flags=1

[ENTRY]
ID=151054831
Asset=Par-Waves-1-Emitter
Pos=7982.4,60.5789,62201
Orient=0,0.997007,0,-0.0773125
Scale=3,3,3

