[ENTRY]
ID=151020518
Asset=Manipulator-SpawnPoint
Pos=8832.7,61.8585,64021
Orient=0,0,0,1
Scale=1,1,1
spawnPackage=4_ewd_coastalCrabquatch_33_34
outerRadius=5

[ENTRY]
ID=151020519
Asset=Manipulator-SpawnPoint
Pos=8939,61.4481,64101
Orient=0,0,0,1
Scale=1,1,1
spawnPackage=4_ewd_coastalCrabquatch_33_34
outerRadius=5

[ENTRY]
ID=151054659
Asset=Par-Waves-1-Emitter
Pos=8404.7,64.691,64219
Orient=0,-0.146287,0,0.989242
Scale=3,3,3

