[ENTRY]
ID=151006424
Asset=Prop-Fences#Prop-Wooden_Fence2
Pos=9013.6,232.412,59989
Orient=-0.014577,0.323715,-0.0425575,0.945085
Scale=1,1,1

[ENTRY]
ID=151006430
Asset=Prop-Lamp_Post1#Prop-Lamp_Post1
Pos=9003.5,233.318,59999
Orient=0,0,0,1
Scale=1,1,1

[ENTRY]
ID=151018234
Asset=Manipulator-SpawnPoint
Pos=9339.5,211.585,59259
Orient=0,0,0,1
Scale=1,1,1
spawnPackage=4_ewd_wilds_34_35
outerRadius=200

[ENTRY]
ID=151018435
Asset=Manipulator#Manipulator-PathNode
Pos=9063.4,222.427,59908
Orient=0,0,0,1
Scale=1,1,1
links_count=2
link=151018432,1
link=151018436,1

