[ENTRY]
ID=151020522
Asset=Manipulator#Manipulator-PathNode
Pos=9657.7,219.805,64621
Orient=0,0,0,1
Scale=0.975,0.975,0.975
links_count=2
link=151020521,1
link=151020523,1

[ENTRY]
ID=151020523
Asset=Manipulator#Manipulator-PathNode
Pos=9708.9,188.306,64960
Orient=0,0,0,1
Scale=0.975,0.975,0.975
links_count=2
link=151020522,1
link=151020524,1

[ENTRY]
ID=151054656
Asset=Par-Waves-1-Emitter
Pos=9054.3,64.691,64571
Orient=0,-0.66822,0,0.743963
Scale=3,3,3

