[ENTRY]
ID=151000921
Asset=CL-Plains_Bush2#CL-Plains_Bush2
Pos=9567,205.914,58396
Orient=0,-0.564642,0,0.825336
Scale=1,1,1
Flags=1

[ENTRY]
ID=151018222
Asset=Manipulator-SpawnPoint
Pos=9024.6,236.618,58377
Orient=0,0,0,1
Scale=1,1,1
innerRadius=100
spawnPackage=4_ewd_shadowplantCamps_34_35
outerRadius=120

[ENTRY]
ID=151018236
Asset=Manipulator-SpawnPoint
Pos=9688.3,188.979,58137
Orient=0,0,0,1
Scale=1,1,1
spawnPackage=4_ewd_wilds_34_35
outerRadius=200

