[ENTRY]
ID=151001703
Asset=Hill_Trees?d=0.9&s=871657&sz=800
Pos=10196.1,215.377,60636
Orient=0,-0.859862,0,0.510526
Scale=1,1,1
Flags=1

[ENTRY]
ID=151018248
Asset=Manipulator-SpawnPoint
Pos=10389.5,204.544,60336
Orient=0,0,0,1
Scale=1,1,1
innerRadius=100
spawnPackage=4_ewd_shadowplantCamps_34_35
outerRadius=125

