[ENTRY]
ID=151000939
Asset=Hill_Trees?d=0.9&s=871657&sz=800
Pos=9759.8,172.441,59375
Orient=0,-0.859862,0,0.510526
Scale=1,1,1
Flags=1

[ENTRY]
ID=151018249
Asset=Manipulator-SpawnPoint
Pos=9922.5,315.022,59920
Orient=0,0,0,1
Scale=1,1,1
spawnPackage=4_ewd_wilds_34_35
outerRadius=150

[ENTRY]
ID=151018252
Asset=Manipulator-SpawnPoint
Pos=10418.5,259.601,59832
Orient=0,0,0,1
Scale=1,1,1
spawnPackage=4_ewd_wilds_34_35
outerRadius=150

