[ENTRY]
ID=151018293
Asset=Manipulator-SpawnPoint
Pos=10491.6,60,57458
Orient=0,0,0,1
Scale=1,1,1
spawnPackage=4_ewd_vespinCamps_33_34
outerRadius=200

[ENTRY]
ID=151054727
Asset=Par-Waves-1-Emitter
Pos=10051.9,61.0203,57368
Orient=0,0.996184,0,-0.0872787
Scale=3,3,3

