[ENTRY]
ID=151000940
Asset=Hill_Trees?d=0.9&s=75657&sz=800
Pos=10705.6,257.055,58762
Orient=0,0.104807,0,0.994493
Scale=1,1,1
Flags=1

[ENTRY]
ID=151017965
Asset=Manipulator-SpawnPoint
Pos=11010.8,194.671,58728
Orient=0,0,0,1
Scale=1,1,1
innerRadius=130
spawnPackage=4_ewd_wilds_34_35
outerRadius=150

