[ENTRY]
ID=151001686
Asset=CL-Hills_Bush4#CL-Hills_Bush4
Pos=12467.5,295.467,61512
Orient=0,-0.276356,0,0.961055
Scale=1,1,1
Flags=1

[ENTRY]
ID=151013640
Asset=Manipulator-SpawnPoint
Pos=12162.2,333.7,61989
Orient=0,0,0,1
Scale=1,1,1
innerRadius=195
spawnPackage=4_ewd_wilds_33_34
outerRadius=200

