[ENTRY]
ID=151000607
Asset=CL-Plains_Bush2#CL-Plains_Bush2
Pos=12744.8,194.023,63571.6
Orient=0,0,0,1
Scale=1,1,1

[ENTRY]
ID=151001267
Asset=CL-Hills_Tree4#CL-Hills_Tree4
Pos=12253,261.31,63149
Orient=0,0.37092,0,0.928665
Scale=1.425,1.425,1.425
Flags=1

[ENTRY]
ID=151019179
Asset=Manipulator-SpawnPoint
Pos=12685.1,337.833,63123
Orient=0,0,0,1
Scale=1,1,1
innerRadius=145
spawnPackage=4_ewd_wilds_33_34
outerRadius=150

[ENTRY]
ID=151026164
Asset=Manipulator-SpawnPoint
Pos=12214.3,188.418,63738
Orient=0,0,0,1
Scale=1,1,1
links_count=1
link=151026166,1
spawnPackage=4_ewd_greySunMix2_35

[ENTRY]
ID=151026165
Asset=Manipulator-SpawnPoint
Pos=12302,191.67,63740
Orient=0,0,0,1
Scale=1,1,1
links_count=1
link=151026166,1
spawnPackage=4_ewd_greySunMix2_35

