[ENTRY]
ID=151001263
Asset=CL-Plains_Bush2#CL-Plains_Bush2
Pos=12812.7,264.915,63163
Orient=0,0.994409,0,0.105599
Scale=1,1,1
Flags=1

[ENTRY]
ID=151019183
Asset=Manipulator-SpawnPoint
Pos=13301.9,282.425,63449
Orient=0,0,0,1
Scale=1,1,1
innerRadius=145
spawnPackage=4_ewd_wilds_33_34
outerRadius=150

