[ENTRY]
ID=151001238
Asset=Hill_Trees?d=0.9&s=871817&sz=800
Pos=14180,105,64190
Orient=0,0.92388,0,0.382683
Scale=1,1,1
Flags=1

[ENTRY]
ID=151013665
Asset=Manipulator-SpawnPoint
Pos=13921.4,178.116,63843
Orient=0,0,0,1
Scale=1,1,1
innerRadius=85
spawnPackage=4_ewd_wilds_33_34
outerRadius=90

[ENTRY]
ID=151019187
Asset=Manipulator-SpawnPoint
Pos=14023,274.54,64361
Orient=0,0,0,1
Scale=1,1,1
innerRadius=95
spawnPackage=4_ewd_quillhogCamps
outerRadius=100

