[ENTRY]
ID=151000917
Asset=CL-Plains_Bush2#CL-Plains_Bush2
Pos=13977.8,199.901,67055
Orient=0,0.75128,0,0.659983
Scale=1,1,1

[ENTRY]
ID=151021618
Asset=Manipulator-SpawnPoint
Pos=13976,190.15,67449
Orient=0,0,0,1
Scale=1,1,1
spawnPackage=4_hwo_wilds_33_34
outerRadius=10

[ENTRY]
ID=151021625
Asset=Manipulator-SpawnPoint
Pos=14004,195.247,66965
Orient=0,0,0,1
Scale=1,1,1
spawnPackage=4_hwo_wilds_33_34
outerRadius=10

