[ENTRY]
ID=151013993
Asset=Manipulator-SpawnPoint
Pos=15069,310.506,59746
Orient=0,0,0,1
Scale=1,1,1
Flags=1
spawnPackage=4_ewd_vespinCamps_33_34
outerRadius=10

[ENTRY]
ID=151019764
Asset=Prop-Dead-Forest-Tree5
Pos=15288.7,254.213,59320
Orient=0,0,0,1
Scale=1,1,1
Flags=1

[ENTRY]
ID=151019765
Asset=Prop-Dead-Forest-Tree4
Pos=15139.6,216.452,59318
Orient=0,0,0,1
Scale=1,1,1
Flags=1

[ENTRY]
ID=151019836
Asset=Prop-Boulder5
Pos=15193.5,236.25,59345
Orient=0,-0.704411,0,-0.709792
Scale=2.525,2.525,2.525
Flags=1

