[ENTRY]
ID=151032021
Asset=Manipulator-SpawnPoint
Pos=16865.4,185.123,71759
Orient=0,0,0,1
Scale=1,1,1
innerRadius=95
spawnPackage=5_wilds_35_36
outerRadius=100

[ENTRY]
ID=151032022
Asset=Manipulator-SpawnPoint
Pos=16966.5,163.987,71428
Orient=0,0,0,1
Scale=1,1,1
spawnPackage=5_wilds_35_36
outerRadius=10

[ENTRY]
ID=151054609
Asset=Par-Waves-1-Emitter
Pos=16509.9,60.7487,71256
Orient=0,-0.783327,0,0.62161
Scale=3,3,3

