[ENTRY]
ID=151001224
Asset=CL-Plains_Bush2#CL-Plains_Bush2
Pos=16870,250.021,66798
Orient=0,0.685289,0,0.728272
Scale=1,1,1
Flags=1

[ENTRY]
ID=151001229
Asset=CL-Hills_Tree3#CL-Hills_Tree3
Pos=16535,185,66985
Orient=0,0,0,1
Scale=1,1,1
Flags=1

[ENTRY]
ID=151021611
Asset=Manipulator-SpawnPoint
Pos=16996,206.686,67216
Orient=0,0,0,1
Scale=1,1,1
spawnPackage=4_hwo_wilds_33_34
outerRadius=10

