[ENTRY]
ID=151020801
Asset=Manipulator-SpawnPoint
Pos=16796.9,390.361,62180
Orient=0,-0.862404,0,0.50622
Scale=1,1,1
links_count=1
link=151020804,1
spawnPackage=4_ewd_toxx
outerRadius=1

