[ENTRY]
ID=151001218
Asset=Forest?d=0.9&s=871337&sz=800
Pos=17278,217.801,68046
Orient=0,-0.764329,0,0.644827
Scale=1,1,1
Flags=1

[ENTRY]
ID=151021597
Asset=Manipulator-SpawnPoint
Pos=17803.2,247.385,68241
Orient=0,0,0,1
Scale=1,1,1
innerRadius=135
spawnPackage=4_hwo_wilds_33_34
outerRadius=140

[ENTRY]
ID=151021602
Asset=Manipulator-SpawnPoint
Pos=17979.3,258.639,67607
Orient=0,0,0,1
Scale=1,1,1
innerRadius=95
spawnPackage=4_hwo_wilds_33_34
outerRadius=100

[ENTRY]
ID=151021605
Asset=Manipulator-SpawnPoint
Pos=17949,223.758,67989
Orient=0,0,0,1
Scale=1,1,1
spawnPackage=4_hwo_wilds_33_34
outerRadius=10

[ENTRY]
ID=151021606
Asset=Manipulator-SpawnPoint
Pos=17561.5,291.832,67615
Orient=0,0,0,1
Scale=1,1,1
spawnPackage=4_hwo_wilds_33_34
outerRadius=10

