[ENTRY]
ID=151008296
Asset=Basic Desert?d=0.2&s=81678&sz=800
Pos=17563.5,253.355,72935
Orient=0,-0.783327,0,0.62161
Scale=1.35,1.35,1.35
Flags=1

[ENTRY]
ID=151032004
Asset=Manipulator-SpawnPoint
Pos=17738.6,193.577,72993
Orient=0,0,0,1
Scale=1,1,1
innerRadius=95
spawnPackage=5_wilds_35_36
outerRadius=100

[ENTRY]
ID=151032010
Asset=Manipulator#Manipulator-PathNode
Pos=17929,163.504,73261
Orient=0,0,0,1
Scale=1,1,1
links_count=2
link=151032005,1
link=151032012,1

[ENTRY]
ID=151032012
Asset=Manipulator-PathNode
Pos=17663.4,162.236,73341
Orient=0,0,0,1
Scale=1,1,1
links_count=2
link=151032010,1
link=151032020,1

[ENTRY]
ID=151032020
Asset=Manipulator-PathNode
Pos=17438.5,178.326,73178
Orient=0,0,0,1
Scale=1,1,1
links_count=1
link=151032012,1

