[ENTRY]
ID=151008282
Asset=Prop-Bush_AridDead1#Prop-Bush_AridDead1
Pos=17837.1,232.613,70993
Orient=0,0,0,1
Scale=2.625,2.625,2.625
Flags=1

[ENTRY]
ID=151008283
Asset=Prop-Bush_AridDead2#Prop-Bush_AridDead2
Pos=17846,245.72,70937
Orient=0,0.940806,0,0.338946
Scale=3.225,3.225,3.225
Flags=1

[ENTRY]
ID=151032027
Asset=Manipulator-SpawnPoint
Pos=17280.1,171.756,70676
Orient=0,0,0,1
Scale=1,1,1
spawnPackage=5_wilds_35_36
outerRadius=10

[ENTRY]
ID=151032030
Asset=Manipulator-SpawnPoint
Pos=17538.7,219.537,70516
Orient=0,0,0,1
Scale=1,1,1
links_count=1
link=151032032,1
spawnPackage=5_wilds_35_36
outerRadius=10

