[ENTRY]
ID=151031969
Asset=Manipulator-SpawnPoint
Pos=18350.2,114.26,74347
Orient=0,0,0,1
Scale=1,1,1
links_count=1
link=151031970,1
spawnPackage=5_wilds_35_36
outerRadius=10

[ENTRY]
ID=151031970
Asset=Manipulator#Manipulator-PathNode
Pos=18746.4,134.18,74438
Orient=0,0,0,1
Scale=1,1,1
links_count=2
link=151031969,1
link=151031971,1

[ENTRY]
ID=151054600
Asset=Par-Waves-1-Emitter
Pos=18374.8,61.7561,74907
Orient=0,-0.651834,0,0.758362
Scale=3,3,3

