[ENTRY]
ID=151008262
Asset=Prop-Tribal_Lamp1
Pos=18541.1,208.621,72298
Orient=0,0,0,1
Scale=8.275,8.275,8.275
Flags=1

[ENTRY]
ID=151008271
Asset=Prop-Boulder_Arid6
Pos=18702.4,161.079,72253
Orient=0,0,0.237703,0.971338
Scale=5.75,5.75,5.75
Flags=1

[ENTRY]
ID=151008272
Asset=Prop-Tribal_Lamp1
Pos=18177.2,226.851,72209
Orient=0,0,0,1
Scale=6.375,6.375,6.375
Flags=1

