[ENTRY]
ID=151033871
Asset=Manipulator#Manipulator-PathNode
Pos=18739.9,68.9195,84829
Orient=0,0,0,1
Scale=1,1,1
links_count=2
link=151033870,1
link=151033872,1

[ENTRY]
ID=151033872
Asset=Manipulator-PathNode
Pos=18716.7,68.5693,84983
Orient=0,0,0,1
Scale=1,1,1
links_count=2
link=151033871,1
link=151033873,1

[ENTRY]
ID=151054438
Asset=Par-Waves-1-Emitter
Pos=18460.6,64.691,85170
Orient=0,-0.984347,0,0.176242
Scale=3,3,3

[ENTRY]
ID=151054451
Asset=Par-Waves-1-Emitter
Pos=18078.7,64.691,84799
Orient=0,-0.979634,0,0.200793
Scale=3,3,3

