[ENTRY]
ID=151039777
Asset=Manipulator-SpawnPoint
Pos=19306.9,194.717,70457
Orient=0,0.827702,0,0.561168
Scale=1.025,1.025,1.025
links_count=1
link=151039778,1
spawnPackage=5_dustshoreAntlionCamp
outerRadius=10

[ENTRY]
ID=151039778
Asset=Manipulator#Manipulator-PathNode
Pos=19266.4,194.279,70326
Orient=0,0,0,1
Scale=1.025,1.025,1.025
links_count=2
link=151039777,1
link=151039779,1

[ENTRY]
ID=151039779
Asset=Manipulator-PathNode
Pos=19091.2,199.082,70395
Orient=0,0,0,1
Scale=1.025,1.025,1.025
links_count=1
link=151039778,1

