[ENTRY]
ID=151030026
Asset=Prop-Palm-Tree#Prop-Palm-Tree2
Pos=19063.2,149.284,85575
Orient=0,0.00499998,0,0.999987
Scale=5.25,5.25,5.25
Flags=1

[ENTRY]
ID=151030165
Asset=CL-AridBush2#CL-AridBush2
Pos=19076.6,153.894,85615
Orient=0,-0.281157,0,0.959662
Scale=1,1,1
Flags=1

[ENTRY]
ID=151032177
Asset=Manipulator-SpawnPoint
Pos=18977.5,202.597,86050
Orient=0,0,0,1
Scale=1,1,1
innerRadius=95
spawnPackage=5_wilds_35_36
outerRadius=100

