[ENTRY]
ID=151054796
Asset=Par-Waves-1-Emitter
Pos=18817.5,64.691,53951
Orient=0,0.998628,0,-0.0523687
Scale=3,3,3
Flags=1

