[ENTRY]
ID=151014009
Asset=Manipulator-SpawnPoint
Pos=19465,185.985,61042
Orient=0,-0.986287,0,0.165038
Scale=1,1,1
Flags=1
spawnPackage=4_ewd_wolfCamps_33_34
outerRadius=1

[ENTRY]
ID=151020879
Asset=Manipulator-SpawnPoint
Pos=18842.2,197.287,61090
Orient=0,0,0,1
Scale=1,1,1
spawnPackage=4_ewd_wilds_32_33
outerRadius=10

