[ENTRY]
ID=151001222
Asset=Hill_Trees?d=0.9&s=871817&sz=800
Pos=19267.4,307.766,67328
Orient=0,-0.570071,0,-0.821595
Scale=1,1,1
Flags=1

[ENTRY]
ID=151021589
Asset=Manipulator-SpawnPoint
Pos=19159.5,225.978,67106
Orient=0,0,0,1
Scale=1,1,1
innerRadius=75
spawnPackage=4_hwo_wilds_33_34
outerRadius=80

