[ENTRY]
ID=151062194
Asset=CL-Roadside_Desert2
Pos=19951.1,202.977,90817.2
Orient=0,0.999816,0,-0.0192029
Scale=1.4,1.4,1.4

[ENTRY]
ID=151062195
Asset=CL-Desert#CL-Roadside_Desert1
Pos=20049,194.676,91040.8
Orient=0,0.670587,0,0.741831
Scale=1.35,1.35,1.35

[ENTRY]
ID=151062237
Asset=Prop-Fence_Stone_Desert_Post#Prop-Fence_Stone_Desert_Post
Pos=19558.6,224.811,90944.7
Orient=0,-0.114747,0,0.993395
Scale=1.3,1.3,1.3

