[ENTRY]
ID=151054784
Asset=Par-Waves-1-Emitter
Pos=19906.7,64.691,57365
Orient=0,0.350781,0,-0.936458
Scale=3,3,3
Flags=1

[ENTRY]
ID=151054808
Asset=Par-Waves-1-Emitter
Pos=20052.8,64.691,57617
Orient=0,0.350781,0,-0.936458
Scale=3,3,3
Flags=1

