[ENTRY]
ID=151062106
Asset=Prop-Shipwreck-Anubian
Pos=19813.5,-113.402,78400
Orient=-0.0146328,0.681503,0.0136319,0.731542
Scale=8.575,8.575,8.575

