[ENTRY]
ID=151054766
Asset=Par-Waves-1-Emitter
Pos=19591,65.3643,55124
Orient=0,0.627383,0,0.778711
Scale=3,3,3
Flags=1

