[ENTRY]
ID=151032183
Asset=Manipulator-SpawnPoint
Pos=19836.8,188.527,88030
Orient=0,0,0,1
Scale=1,1,1
innerRadius=95
spawnPackage=5_wilds_35_36
outerRadius=100

[ENTRY]
ID=151032187
Asset=Manipulator#Manipulator-PathNode
Pos=19580.2,191.292,87817
Orient=0,0,0,1
Scale=0.975,0.975,0.975
links_count=1
link=151032186,1

[ENTRY]
ID=151052706
Asset=Basic Desert?d=0.3&s=971847&sz=800
Pos=19964.2,199.538,88111.2
Orient=0,0.606452,0,-0.79512
Scale=2.05,2.05,2.05
Flags=1

