[ENTRY]
ID=151000896
Asset=Forest?d=0.9&s=871337&sz=800
Pos=19623.2,232.373,68576
Orient=0,-0.242556,0,0.970137
Scale=1,1,1
Flags=1

[ENTRY]
ID=151021576
Asset=Manipulator-SpawnPoint
Pos=19837.3,272.745,68409
Orient=0,0,0,1
Scale=1,1,1
spawnPackage=4_hwo_wilds_33_34
outerRadius=10

