[ENTRY]
ID=151062196
Asset=CL-Desert#CL-Roadside_Desert5
Pos=20040.4,218.286,91842.2
Orient=0,0.670587,0,0.741831
Scale=1.3,1.3,1.3

