[ENTRY]
ID=151039812
Asset=Manipulator-PathNode
Pos=19552.4,197.894,70411
Orient=0,0,0,1
Scale=1,1,1
links_count=1
link=151039811,1

[ENTRY]
ID=151039813
Asset=Manipulator-SpawnPoint
Pos=19587.3,207.645,70409
Orient=0,-0.685289,0,0.728272
Scale=1,1,1
links_count=1
link=151039814,1
spawnPackage=5_dustshoreAntlionCamp
outerRadius=10

