[ENTRY]
ID=151032144
Asset=Manipulator-SpawnPoint
Pos=20838.5,204.803,88190
Orient=0,0,0,1
Scale=1,1,1
innerRadius=95
spawnPackage=5_wilds_35_36
outerRadius=100

[ENTRY]
ID=151062189
Asset=CL-Desert#CL-Roadside_Desert4
Pos=20334.3,186.298,87987.2
Orient=0,0.696135,0,0.717911
Scale=1.2,1.2,1.2

[ENTRY]
ID=151062190
Asset=CL-Roadside_Desert4
Pos=20317.7,187.37,88071.3
Orient=0,0.825785,0,-0.563985
Scale=1.5,1.5,1.5
Flags=1

