[ENTRY]
ID=151054813
Asset=Par-Waves-1-Emitter
Pos=20445.5,64.691,57950
Orient=0,0.350781,0,-0.936458
Scale=3,3,3
Flags=1

