[ENTRY]
ID=151040938
Asset=Prop-Sanctuary_Stone#Prop-Sanctuary_Stone
Pos=20889.6,182.931,65512
Orient=0,0.655618,0,0.755093
Scale=1,1,1

[ENTRY]
ID=151040939
Asset=Manipulator-Sanctuary
Pos=20888.8,187.211,65512
Orient=0,0,0,1
Scale=1,1,1

