[ENTRY]
ID=151033381
Asset=Manipulator-PathNode
Pos=20250.2,199.679,84761
Orient=0,0,0,1
Scale=1,1,1
links_count=2
link=151033380,1
link=151033382,1

[ENTRY]
ID=151033409
Asset=Manipulator-PathNode
Pos=20251.7,200.487,84766
Orient=0,0,0,1
Scale=1,1,1
links_count=2
link=151033408,1
link=151033410,1

[ENTRY]
ID=151033656
Asset=Manipulator-SpawnPoint
Pos=20893.6,251.078,84889
Orient=0,-0.761095,0,0.64864
Scale=1,1,1
spawnPackage=5_sailorCamps_39_40
outerRadius=1

[ENTRY]
ID=151033657
Asset=Manipulator-SpawnPoint
Pos=20584.7,243.146,84936
Orient=0,-0.535416,0,0.844589
Scale=1,1,1
spawnPackage=5_sailorCamps_39_40
outerRadius=1

