[ENTRY]
ID=151030172
Asset=Prop-Palm-Tree#Prop-Palm-Tree1
Pos=21416.2,231.498,84980
Orient=0,0,0,1
Scale=4.9,4.9,4.9
Flags=1

[ENTRY]
ID=151030173
Asset=Prop-Palm-Tree#Prop-Palm-Tree2
Pos=21373.8,231.368,84955
Orient=-0.164363,0.483671,-0.0930197,0.854631
Scale=2.225,2.225,2.225
Flags=1

[ENTRY]
ID=151030175
Asset=CL-AridBush3#CL-AridBush3
Pos=21370.2,231.989,84989
Orient=0,0,0,1
Scale=1,1,1

[ENTRY]
ID=151030176
Asset=CL-AridBush4#CL-AridBush4
Pos=21479.5,234.258,85021
Orient=0,0,0,1
Scale=1,1,1
Flags=1

[ENTRY]
ID=151033612
Asset=Manipulator-SpawnPoint
Pos=21438.2,226.251,84811
Orient=0,0,0,1
Scale=1,1,1
spawnPackage=5_sailorCamps_39_40
outerRadius=10

