[ENTRY]
ID=151003481
Asset=Swamp_Deep?d=0.9&s=87727&sz=800+
Pos=21144.1,65.7636,65890
Orient=0,-0.962209,0,0.272313
Scale=1.2,1.2,1.2
Flags=1

