[ENTRY]
ID=151054852
Asset=Par-Waves-1-Emitter
Pos=21293.6,65.3643,54882
Orient=0,0.635307,0,-0.77226
Scale=3,3,3
Flags=1

