[ENTRY]
ID=151037945
Asset=Manipulator-SpawnPoint
Pos=21738.6,358.693,92731
Orient=0,-0.648034,0,0.761612
Scale=1,1,1
links_count=1
link=151037946,1
spawnPackage=5_excavatedCity_infectiousFleshpicker
outerRadius=1

[ENTRY]
ID=151037946
Asset=Manipulator#Manipulator-PathNode
Pos=21745.9,347.335,92887
Orient=0,0,0,1
Scale=1,1,1
links_count=2
link=151037945,1
link=151037947,1

