[ENTRY]
ID=151015174
Asset=Manipulator-SpawnPoint
Pos=21637.8,135.984,72361
Orient=0,0,0,1
Scale=1,1,1
spawnPackage=5_oasisCamp_35_36
outerRadius=1

[ENTRY]
ID=151039832
Asset=Manipulator-SpawnPoint
Pos=21594.1,155.077,72156
Orient=0,0,0,1
Scale=1,1,1
links_count=2
link=151039833,1
link=151039835,1
spawnPackage=5_djinnOasis_m_35_36
outerRadius=10

[ENTRY]
ID=151062099
Asset=Prop-Desert_Palm#Prop-Desert_Palm3
Pos=21742.2,140.102,72081.5
Orient=0,0.252245,0,0.967663
Scale=2,2,2
Flags=1

