[ENTRY]
ID=151001211
Asset=Forest?d=0.9&s=341817&sz=800
Pos=21264.8,128.237,67325
Orient=0,0,0,1
Scale=1,1,1
Flags=1

[ENTRY]
ID=151008091
Asset=Prop-Bridge_a#Prop-Bridge2
Pos=21556.1,91.925,66789
Orient=0,0.389418,0,0.921061
Scale=1.325,1.325,1.325

[ENTRY]
ID=151021582
Asset=Manipulator-SpawnPoint
Pos=21041.6,181.943,67127
Orient=0,0,0,1
Scale=1,1,1
spawnPackage=4_hwo_wilds_33_34
outerRadius=10

[ENTRY]
ID=151026187
Asset=Manipulator-PathNode
Pos=21715.8,92.9402,66947
Orient=0,0,0,1
Scale=1,1,1
links_count=2
link=151026186,1
link=151026188,1

