[ENTRY]
ID=151003374
Asset=Prop-Desert_Accent#Prop-Desert_Accent1
Pos=21874.9,324.839,87287
Orient=0,-0.84233,0,-0.538962
Scale=1,1,1
Flags=1

