[ENTRY]
ID=151040950
Asset=Prop-Sanctuary_Stone
Pos=22166.3,202.374,83588
Orient=0.0290913,0.59655,-0.0278884,0.801564
Scale=1,1,1
Flags=1

[ENTRY]
ID=151040951
Asset=Manipulator-Sanctuary
Pos=22165.5,211.26,83588
Orient=0,0,0,1
Scale=1,1,1
Flags=1

[ENTRY]
ID=151062180
Asset=CL-Desert#CL-Roadside_Desert1
Pos=22221.3,185.134,83570.4
Orient=0,0.518418,0,0.855127
Scale=1.3,1.3,1.3

[ENTRY]
ID=151062181
Asset=CL-Roadside_Desert1
Pos=22192.3,186.92,83787.8
Orient=0,0.727726,0,0.685868
Scale=1.25,1.25,1.25

