[ENTRY]
ID=151003457
Asset=Swamp_Ruin?d=0.9&s=81887&sz=800+
Pos=22330.4,138.944,64274
Orient=0,-0.535415,0,0.844589
Scale=1.225,1.225,1.225

[ENTRY]
ID=151003477
Asset=Swamp_Deep?d=0.9&s=87727&sz=800+
Pos=22289.9,117.748,64461
Orient=0,-0.349083,0,-0.937092
Scale=1.175,1.175,1.175

[ENTRY]
ID=151022583
Asset=Manipulator-SpawnPoint
Pos=22397.3,128.334,63977
Orient=0,0,0,1
Scale=1,1,1
innerRadius=95
spawnPackage=4_drm_wilds_47_48
outerRadius=100

