[ENTRY]
ID=151032142
Asset=Manipulator-SpawnPoint
Pos=21761,222.805,86889
Orient=0,0,0,1
Scale=1,1,1
links_count=1
link=151032143,1
spawnPackage=5_wilds_35_36
outerRadius=10

[ENTRY]
ID=151032143
Asset=Manipulator#Manipulator-PathNode
Pos=22253.3,239.407,86674
Orient=0,0,0,1
Scale=1,1,1
links_count=1
link=151032142,1

[ENTRY]
ID=151058909
Asset=Basic Desert?d=0.2&s=798349&sz=800
Pos=22039.3,220.68,86271.7
Orient=0,-0.479426,0,0.877582
Scale=1,1,1
Flags=1

[ENTRY]
ID=151062187
Asset=CL-Desert#CL-Roadside_Desert4
Pos=21935.6,222.86,86405.5
Orient=-0.0292275,0.352368,0.0216795,0.935154
Scale=1.3,1.3,1.3

