[ENTRY]
ID=151025608
Asset=Manipulator-PathNode
Pos=21945.4,107.261,53072
Orient=0,0,0,1
Scale=1,1,1
links_count=2
link=151025607,1
link=151025609,1

[ENTRY]
ID=151025609
Asset=Manipulator-PathNode
Pos=21853.4,131.371,52960
Orient=0,0,0,1
Scale=1,1,1
links_count=2
link=151025608,1
link=151025610,1

[ENTRY]
ID=151054803
Asset=Par-Waves-1-Emitter
Pos=22356,60.589,53040
Orient=0,0.587681,0,0.809093
Scale=3,3,3
Flags=1

