[ENTRY]
ID=151011017
Asset=Forest?d=0.9&s=871234&sz=800
Pos=22352.9,224.517,54971
Orient=0,-0.356949,0,0.934124
Scale=1.25,1.25,1.25
Flags=1

[ENTRY]
ID=151021782
Asset=Manipulator-SpawnPoint
Pos=21969.2,211.442,54874
Orient=0,0,0,1
Scale=1,1,1
spawnPackage=4_hwo_wilds_33_34
outerRadius=10

[ENTRY]
ID=151021785
Asset=Manipulator-SpawnPoint
Pos=21936.6,197.904,55330
Orient=0,0,0,1
Scale=1,1,1
spawnPackage=4_hwo_wilds_33_34
outerRadius=10

[ENTRY]
ID=151021786
Asset=Manipulator-SpawnPoint
Pos=22320,181.117,54810
Orient=0,0,0,1
Scale=1,1,1
spawnPackage=4_hwo_wilds_33_34
outerRadius=10

