[ENTRY]
ID=151007751
Asset=Anubian_Shipwreck#Prop-Shipwreck-Anubian3
Pos=22043.8,58.4942,79014
Orient=0.00844146,-0.326479,-0.418162,0.847633
Scale=5.925,5.925,5.925
Flags=1

[ENTRY]
ID=151054552
Asset=Par-Waves-1-Emitter
Pos=22308.9,64.691,78929
Orient=0,0.203786,0,-0.979015
Scale=3,3,3

[ENTRY]
ID=151054553
Asset=Par-Waves-1-Emitter
Pos=22257.2,60.7051,79350
Orient=0,0.832266,0,0.554376
Scale=3,3,3

