[ENTRY]
ID=151032401
Asset=Manipulator-SpawnPoint
Pos=22427.7,487.512,95160
Orient=0,0,0,1
Scale=1,1,1
spawnPackage=5_wilds_36_37
outerRadius=10

[ENTRY]
ID=151032402
Asset=Manipulator-SpawnPoint
Pos=22029.9,302.072,94898
Orient=0,0,0,1
Scale=1,1,1
innerRadius=95
spawnPackage=5_wilds_36_37
outerRadius=100

[ENTRY]
ID=151032405
Asset=Manipulator-PathNode
Pos=22055.6,330.045,94619
Orient=0,0,0,1
Scale=1,1,1
links_count=1
link=151032404,1

[ENTRY]
ID=151062205
Asset=Prop-Fence_Stone_Desert_Post
Pos=22396.5,432.075,94578.2
Orient=0,-0.0699422,0,0.997551
Scale=2.95,2.95,2.95

