[ENTRY]
ID=151003478
Asset=Swamp_Deep?d=0.9&s=87727&sz=800+
Pos=21764.4,63.2818,64916
Orient=0,0.849481,0,0.52762
Scale=1.2,1.2,1.2

[ENTRY]
ID=151022581
Asset=Manipulator-SpawnPoint
Pos=22019.7,95.0136,64505
Orient=0,0,0,1
Scale=1,1,1
innerRadius=95
spawnPackage=4_drm_wilds_47_48
outerRadius=100

[ENTRY]
ID=151022582
Asset=Manipulator-SpawnPoint
Pos=22273,157.763,64952
Orient=0,0,0,1
Scale=1,1,1
innerRadius=95
spawnPackage=4_drm_wilds_47_48
outerRadius=100

