[ENTRY]
ID=151001305
Asset=Forest?d=0.9&s=451234&sz=800
Pos=22803.1,228.05,54882
Orient=0,-0.300293,0,0.953847
Scale=1,1,1
Flags=1

[ENTRY]
ID=151021787
Asset=Manipulator-SpawnPoint
Pos=22800.4,193.882,55174
Orient=0,0,0,1
Scale=1,1,1
innerRadius=95
spawnPackage=4_hwo_wilds_33_34
outerRadius=100

