[ENTRY]
ID=151007729
Asset=Prop-Boulder_Arid3
Pos=22975.5,238.484,86517
Orient=0.0848977,0,0,0.99639
Scale=4.6,4.6,4.6

[ENTRY]
ID=151032135
Asset=Manipulator-SpawnPoint
Pos=22652.4,254.901,86674
Orient=0,0,0,1
Scale=1,1,1
innerRadius=95
spawnPackage=5_wilds_35_36
outerRadius=100

[ENTRY]
ID=151032138
Asset=Manipulator#Manipulator-PathNode
Pos=23019.5,226.651,86712
Orient=0,0,0,1
Scale=1,1,1
links_count=1
link=151032137,1

