[ENTRY]
ID=151044731
Asset=Prop-Palm-Tree#Prop-Palm-Tree1
Pos=23169.9,86.1338,79073
Orient=0.0635591,-0.257787,0.00192574,0.964107
Scale=2.825,2.825,2.825

[ENTRY]
ID=151044733
Asset=Prop-Palm-Tree#Prop-Palm-Tree3
Pos=23192.4,82.8043,79113
Orient=0.140188,-0.247399,-0.0544933,0.957168
Scale=1.925,1.925,1.925

[ENTRY]
ID=151054554
Asset=Par-Waves-1-Emitter
Pos=22729.7,62.5712,79390
Orient=0,-0.605188,0,0.796082
Scale=3,3,3

