[ENTRY]
ID=151013288
Asset=Forest?d=0.9&s=867817&sz=800
Pos=22714.9,218.118,56914.5
Orient=0,-0.475032,0,0.879969
Scale=1.6,1.6,1.6
Flags=1

[ENTRY]
ID=151021790
Asset=Manipulator-SpawnPoint
Pos=22825.7,209.668,56308
Orient=0,0,0,1
Scale=1,1,1
innerRadius=95
spawnPackage=4_hwo_wilds_33_34
outerRadius=100

[ENTRY]
ID=151021796
Asset=Manipulator-SpawnPoint
Pos=22827.8,241.119,56731
Orient=0,0,0,1
Scale=1,1,1
spawnPackage=4_hwo_wilds_33_34
outerRadius=10

