[ENTRY]
ID=151005044
Asset=Swamp_Deep?d=0.9&s=125467&sz=800+
Pos=23209.5,122.034,62939
Orient=0,-0.907205,0,-0.420688
Scale=1.175,1.175,1.175
Flags=1

[ENTRY]
ID=151021302
Asset=Manipulator-SpawnPoint
Pos=22620.3,204.813,62257
Orient=0,0,0,1
Scale=1,1,1
innerRadius=95
spawnPackage=4_ewd_waywardMurkflyCamps
outerRadius=100

[ENTRY]
ID=151021497
Asset=Manipulator-SpawnPoint
Pos=22689.9,223.481,62685
Orient=0,0,0,1
Scale=1,1,1
innerRadius=75
spawnPackage=4_ewd_waywardMurkflyCamps
outerRadius=80

