[ENTRY]
ID=151054868
Asset=Par-Waves-1-Emitter
Pos=23122.7,65.3643,53053
Orient=0,0.999973,0,-0.00739181
Scale=3,3,3

