[ENTRY]
ID=151011013
Asset=Forest?d=0.9&s=867817&sz=800
Pos=22815.4,222.379,57151.3
Orient=0,-0.475032,0,0.879969
Scale=1.6,1.6,1.6
Flags=1

