[ENTRY]
ID=151003371
Asset=Prop-Desert_Accent#Prop-Desert_Accent3
Pos=22714.3,432.441,87463
Orient=0,-0.872355,0,0.488873
Scale=1.825,1.825,1.825
Flags=1

