[ENTRY]
ID=151017731
Asset=Swamp_Deep?d=0.9&s=2367&sz=800+
Pos=23029.4,151.628,63304
Orient=0,-0.682803,0,-0.730602
Scale=1.175,1.175,1.175

