[ENTRY]
ID=151021500
Asset=Manipulator-SpawnPoint
Pos=22534.7,267.226,57836
Orient=0,0,0,1
Scale=1,1,1
spawnPackage=4_ewd_wilds_32_33
outerRadius=10

[ENTRY]
ID=151021501
Asset=Manipulator-SpawnPoint
Pos=22528,208.957,58162
Orient=0,0,0,1
Scale=1,1,1
innerRadius=95
spawnPackage=4_ewd_wilds_32_33
outerRadius=100

[ENTRY]
ID=151023034
Asset=Forest?d=0.9&s=867817&sz=800
Pos=23092,209.438,58411
Orient=0,-0.475032,0,0.879969
Scale=1.6,1.6,1.6
Flags=1

