[ENTRY]
ID=151008106
Asset=Forest?d=0.9&s=2347&sz=800
Pos=23232.7,118.239,67261
Orient=0,0.744642,0,0.667464
Scale=1,1,1
Flags=1

[ENTRY]
ID=151026193
Asset=Manipulator-PathNode
Pos=23190.2,83.1007,67432
Orient=0,0,0,1
Scale=1,1,1
links_count=2
link=151026192,1
link=151026194,1

