[ENTRY]
ID=151032109
Asset=Manipulator-SpawnPoint
Pos=22584,283.803,82556
Orient=0,0,0,1
Scale=0.925,0.925,0.925
links_count=1
link=151032110,1
spawnPackage=5_wilds_35_36
outerRadius=10

[ENTRY]
ID=151062175
Asset=Prop-Fence_Stone_Desert
Pos=22984.7,208.399,82794.5
Orient=0,0.389418,0,0.921061
Scale=1.3,1.3,1.3

[ENTRY]
ID=151062176
Asset=Prop-Fence_Stone_Desert
Pos=22941.3,204.669,82847.8
Orient=0,0.958471,0,-0.285189
Scale=1.3,1.3,1.3

[ENTRY]
ID=151062177
Asset=Prop-Fence_Stone_Desert_Post#Prop-Fence_Stone_Desert_Post
Pos=22962.7,205.785,82826.4
Orient=0,-0.276356,0,0.961055
Scale=1.55,1.55,1.55

[ENTRY]
ID=151062179
Asset=CL-Desert#CL-Roadside_Desert5
Pos=22902.3,207.349,82782.9
Orient=0,0.412321,0,0.911039
Scale=1.25,1.25,1.25

