[ENTRY]
ID=151003485
Asset=Swamp_Deep?d=0.9&s=87727&sz=800+
Pos=22580.1,75.9587,66400
Orient=0,-0.992904,0,-0.118922
Scale=0.975,0.975,0.975
Flags=1

[ENTRY]
ID=151003489
Asset=Prop-Prop-Swamp-Pampas#Prop-Swamp-Pampas1
Pos=22774.6,69.6777,66446
Orient=0,0,0,1
Scale=1,1,1
Flags=1

[ENTRY]
ID=151022579
Asset=Manipulator-SpawnPoint
Pos=22754.4,83.4804,66491
Orient=0,0,0,1
Scale=1,1,1
innerRadius=95
spawnPackage=4_drm_wilds_47_48
outerRadius=100

