[ENTRY]
ID=151001303
Asset=Hill_Trees?d=0.9&s=871817&sz=800
Pos=23820.5,282.244,56506
Orient=0,-0.434965,0,0.900447
Scale=1.05,1.05,1.05
Flags=1

[ENTRY]
ID=151021849
Asset=Manipulator-SpawnPoint
Pos=23906.5,164.173,56540
Orient=0,0,0,1
Scale=1,1,1
innerRadius=95
spawnPackage=4_hwo_wilds_33_34
outerRadius=100

