[ENTRY]
ID=151003455
Asset=Swamp_Deep?d=0.9&s=125467&sz=800+
Pos=23655.4,89.8127,63650
Orient=0,-0.988652,0,0.150225
Scale=1.175,1.175,1.175
Flags=1

[ENTRY]
ID=151003459
Asset=Swamp_Deep?d=0.9&s=2367&sz=800+
Pos=23888,75.3948,63102
Orient=0,-0.907205,0,-0.420688
Scale=1.175,1.175,1.175
Flags=1

