[ENTRY]
ID=151007730
Asset=Basic Desert?d=0.2&s=871817&sz=800
Pos=23514.4,213.69,86560
Orient=0,0.425939,0,0.904752
Scale=1,1,1

[ENTRY]
ID=151032134
Asset=Manipulator-SpawnPoint
Pos=23767,196.494,86616
Orient=0,0,0,1
Scale=1,1,1
innerRadius=95
spawnPackage=5_wilds_35_36
outerRadius=100

[ENTRY]
ID=151032137
Asset=Manipulator-SpawnPoint
Pos=23401.3,232.175,86515
Orient=0,0,0,1
Scale=1,1,1
links_count=1
link=151032138,1
spawnPackage=5_wilds_35_36
outerRadius=10

[ENTRY]
ID=151034927
Asset=Manipulator-SpawnPoint
Pos=23903.8,199.499,86967
Orient=0,0,0,1
Scale=1,1,1
innerRadius=95
spawnPackage=5_wilds_35_36
outerRadius=100

