[ENTRY]
ID=151032105
Asset=Manipulator-SpawnPoint
Pos=23439.3,197.704,81289
Orient=0,0,0,1
Scale=1,1,1
links_count=1
link=151032106,1
spawnPackage=5_wilds_35_36
outerRadius=10

[ENTRY]
ID=151062123
Asset=CL-Desert#CL-Roadside_Desert4
Pos=23735.5,212.587,81539
Orient=0,0.593178,0,0.805071
Scale=1.3,1.3,1.3

