[ENTRY]
ID=151031569
Asset=Basic Desert?d=0.2&s=887&sz=800
Pos=23641.8,212.489,74263
Orient=0,-0.874789,0,0.484505
Scale=1,1,1

[ENTRY]
ID=151031932
Asset=Manipulator-SpawnPoint
Pos=23732.2,204.707,74571
Orient=0,0,0,1
Scale=1,1,1
innerRadius=95
spawnPackage=5_wilds_35_36
outerRadius=100

