[ENTRY]
ID=151039876
Asset=Manipulator-SpawnPoint
Pos=23614.8,116.823,70469
Orient=0,-0.981854,0,0.189641
Scale=1,1,1
links_count=1
link=151039877,1
spawnPackage=5_djinnOasis_m_35_36
outerRadius=10

