[ENTRY]
ID=151032131
Asset=Manipulator-SpawnPoint
Pos=23985.2,259.585,85927
Orient=0,0,0,1
Scale=1,1,1
innerRadius=95
spawnPackage=5_wilds_35_36
outerRadius=100

[ENTRY]
ID=151032133
Asset=Manipulator-SpawnPoint
Pos=23462.4,210.74,86118
Orient=0,0,0,1
Scale=1,1,1
innerRadius=95
spawnPackage=5_wilds_35_36
outerRadius=100

[ENTRY]
ID=151058907
Asset=Basic Desert?d=0.2&s=798349&sz=800
Pos=23367.3,213.327,86008.7
Orient=0,-0.29074,0,0.956802
Scale=1,1,1

[ENTRY]
ID=151059736
Asset=Manipulator-PathNode
Pos=23822,267.275,85540.6
Orient=0,0,0,1
Scale=1,1,1
links_count=2
link=151059735,1
link=151059737,1

