[ENTRY]
ID=151005055
Asset=Swamp_Deep?d=0.9&s=878817&sz=800+
Pos=23642.5,73.5326,66921
Orient=0,-0.935616,0,0.353019
Scale=1.05,1.05,1.05
Flags=1

