[ENTRY]
ID=151001213
Asset=Forest?d=0.9&s=565567&sz=800
Pos=23538.9,249.76,68328
Orient=0,0.717356,0,0.696706
Scale=1,1,1
Flags=1

[ENTRY]
ID=151021569
Asset=Manipulator-SpawnPoint
Pos=23863.8,270.277,68546
Orient=0,0,0,1
Scale=1,1,1
spawnPackage=4_hwo_wilds_33_34
outerRadius=10

[ENTRY]
ID=151021571
Asset=Manipulator-SpawnPoint
Pos=23280.7,185.687,68578
Orient=0,0,0,1
Scale=1,1,1
spawnPackage=4_hwo_wilds_33_34
outerRadius=10

