[ENTRY]
ID=151003456
Asset=Swamp_Deep?d=0.9&s=88867&sz=800+
Pos=23634.6,91.3385,62788
Orient=0,-0.39861,0,0.917121
Scale=1.175,1.175,1.175
Flags=1

[ENTRY]
ID=151022585
Asset=Manipulator-SpawnPoint
Pos=23763.9,93.9265,62288
Orient=0,0,0,1
Scale=1,1,1
innerRadius=95
spawnPackage=4_drm_wilds_47_48
outerRadius=100

[ENTRY]
ID=151022586
Asset=Manipulator-SpawnPoint
Pos=23494.3,100.896,62999
Orient=0,0,0,1
Scale=1,1,1
innerRadius=95
spawnPackage=4_drm_wilds_47_48
outerRadius=100

