[ENTRY]
ID=151032115
Asset=Manipulator-SpawnPoint
Pos=23855.2,179.266,82680
Orient=0,0,0,1
Scale=1,1,1
innerRadius=95
spawnPackage=5_wilds_35_36
outerRadius=100

[ENTRY]
ID=151032116
Asset=Manipulator-SpawnPoint
Pos=23691.7,249.333,83241
Orient=0,0,0,1
Scale=1,1,1
innerRadius=95
spawnPackage=5_wilds_35_36
outerRadius=100

[ENTRY]
ID=151058826
Asset=Basic Desert?d=0.2&s=778349&sz=800
Pos=23525.6,243.918,83173.9
Orient=0,-0.792563,0,0.609791
Scale=1,1,1

[ENTRY]
ID=151058902
Asset=Basic Desert?d=0.2&s=778349&sz=800
Pos=23980.6,162.97,82538
Orient=0,-0.792563,0,0.609791
Scale=1,1,1

