[ENTRY]
ID=151062124
Asset=CL-Roadside_Desert4
Pos=23284,219.083,82479.6
Orient=0,0.439462,0,0.898261
Scale=1.425,1.425,1.425

