[ENTRY]
ID=151003461
Asset=Swamp_Deep?d=0.9&s=2367&sz=800+
Pos=23918,128.965,61879
Orient=0,-0.907205,0,-0.420688
Scale=1.175,1.175,1.175
Flags=1

