[ENTRY]
ID=151006668
Asset=Forest?d=0.9&s=347&sz=800
Pos=23371.6,154.533,61455
Orient=0,-0.412321,0,0.911039
Scale=1,1,1
Flags=1

[ENTRY]
ID=151021705
Asset=Manipulator-SpawnPoint
Pos=23400.6,154.027,61082
Orient=0,0,0,1
Scale=1,1,1
innerRadius=95
spawnPackage=4_ewd_blackShroomlingScoutCamps
outerRadius=100

[ENTRY]
ID=151021707
Asset=Manipulator-SpawnPoint
Pos=23882,139.231,61013
Orient=0,0,0,1
Scale=1,1,1
spawnPackage=4_hwo_wilds_30_31
outerRadius=10

