[ENTRY]
ID=151021837
Asset=Manipulator-SpawnPoint
Pos=24269.6,279.406,56765
Orient=0,0,0,1
Scale=1,1,1
spawnPackage=4_hwo_wilds_33_34
outerRadius=10

[ENTRY]
ID=151021840
Asset=Manipulator-SpawnPoint
Pos=24729.8,237.969,56960
Orient=0,0,0,1
Scale=1,1,1
innerRadius=95
spawnPackage=4_hwo_wilds_33_34
outerRadius=100

[ENTRY]
ID=151021847
Asset=Manipulator-SpawnPoint
Pos=24646.8,248.113,56634
Orient=0,0,0,1
Scale=1,1,1
spawnPackage=4_hwo_wilds_33_34
outerRadius=10

[ENTRY]
ID=151023143
Asset=Forest?d=0.9&s=871817&sz=800
Pos=24332.3,289.663,56415
Orient=0,0.926499,0,0.376297
Scale=1,1,1

