[ENTRY]
ID=151003439
Asset=Swamp_Ruin?d=0.9&s=8714567&sz=800+
Pos=24416.1,166.566,64379
Orient=0,0.935616,0,0.353019
Scale=1.925,1.925,1.925
Flags=1

[ENTRY]
ID=151003453
Asset=Swamp_Ruin?d=0.9&s=8714567&sz=800+
Pos=24728.3,121.651,64245
Orient=0,-0.227977,0,0.973667
Scale=1.125,1.125,1.125
Flags=1

