[ENTRY]
ID=151031927
Asset=Manipulator-SpawnPoint
Pos=24508.2,246.124,73207
Orient=0,0,0,1
Scale=1,1,1
innerRadius=95
spawnPackage=5_wilds_35_36
outerRadius=100

[ENTRY]
ID=151033164
Asset=Manipulator-SpawnPoint
Pos=24085,186.303,73090
Orient=0,-0.380188,0,0.924909
Scale=1,1,1
links_count=2
link=151033165,1
link=151033172,1
spawnPackage=5_oasisCamp_35_36
outerRadius=10

[ENTRY]
ID=151033165
Asset=Manipulator#Manipulator-PathNode
Pos=24174.3,173.407,72870
Orient=0,0,0,1
Scale=1,1,1
links_count=2
link=151033164,1
link=151033166,1

[ENTRY]
ID=151062108
Asset=Prop-Desert_Palm#Prop-Desert_Palm2
Pos=24419.3,190.373,72755.1
Orient=0,0,0,1
Scale=1,1,1

[ENTRY]
ID=151062109
Asset=Prop-Desert_Palm#Prop-Desert_Palm2
Pos=24433.4,201.803,72875.7
Orient=0,0,0,1
Scale=1,1,1

