[ENTRY]
ID=151006666
Asset=Forest?d=0.9&s=871817&sz=800
Pos=24128.7,216.271,60778
Orient=0,-0.412321,0,0.911039
Scale=1,1,1
Flags=1

[ENTRY]
ID=151021706
Asset=Manipulator-SpawnPoint
Pos=24393.9,173.314,60999
Orient=0,0,0,1
Scale=1,1,1
innerRadius=95
spawnPackage=4_ewd_blackShroomlingScoutCamps
outerRadius=100

