[ENTRY]
ID=151034217
Asset=Manipulator-SpawnPoint
Pos=24481.5,207.151,78142
Orient=0,0,0,1
Scale=1,1,1
innerRadius=95
spawnPackage=5_wilds_47
outerRadius=100

[ENTRY]
ID=151034219
Asset=Manipulator-SpawnPoint
Pos=24544.4,245.67,78567
Orient=0,0,0,1
Scale=1,1,1
innerRadius=95
spawnPackage=5_wilds_47
outerRadius=100

[ENTRY]
ID=151062248
Asset=CL-Roadside_Desert4
Pos=24111.6,158.654,78421
Orient=0.0318313,0.705256,-0.00186717,-0.708236
Scale=1,1,1

