[ENTRY]
ID=151062168
Asset=CL-Desert#CL-Roadside_Desert3
Pos=24168.1,209.661,76454.9
Orient=-0.00105411,0.47516,-0.0335141,0.87926
Scale=1.225,1.225,1.225

