[ENTRY]
ID=151034215
Asset=Manipulator-SpawnPoint
Pos=24444.9,210.423,77486
Orient=0,0,0,1
Scale=1,1,1
innerRadius=95
spawnPackage=5_wilds_47
outerRadius=100

[ENTRY]
ID=151034216
Asset=Manipulator-SpawnPoint
Pos=24733.3,203.457,77821
Orient=0,0,0,1
Scale=1,1,1
innerRadius=95
spawnPackage=5_wilds_47
outerRadius=100

[ENTRY]
ID=151062170
Asset=CL-Desert#CL-Roadside_Desert4
Pos=24055.1,199.752,77401.3
Orient=0.060504,0.677468,0.0318328,0.732369
Scale=1,1,1

