[ENTRY]
ID=151001215
Asset=Forest?d=0.9&s=455567&sz=800
Pos=24582,99.6719,67106
Orient=0,0.914795,0,0.403919
Scale=1,1,1
Flags=1

[ENTRY]
ID=151026195
Asset=Manipulator-PathNode
Pos=24343,89.1356,67473
Orient=0,0,0,1
Scale=1,1,1
links_count=2
link=151026194,1
link=151026196,1

