[ENTRY]
ID=151000956
Asset=Forest?d=0.9&s=871237&sz=800
Pos=24735.5,264.409,54157
Orient=0,0.692537,0,0.721382
Scale=1,1,1
Flags=1

[ENTRY]
ID=151021799
Asset=Manipulator-SpawnPoint
Pos=24313.5,268.945,54124
Orient=0,0,0,1
Scale=1,1,1
spawnPackage=4_hwo_wilds_33_34
outerRadius=10

[ENTRY]
ID=151021804
Asset=Manipulator-SpawnPoint
Pos=24494.9,193.587,54495
Orient=0,0,0,1
Scale=1,1,1
innerRadius=150
spawnPackage=4_hwo_wilds_33_34
outerRadius=155

[ENTRY]
ID=151025595
Asset=Manipulator-PathNode
Pos=24061.6,190.332,54703
Orient=0,0,0,1
Scale=1,1,1
links_count=2
link=151025594,1
link=151025596,1

[ENTRY]
ID=151025596
Asset=Manipulator-PathNode
Pos=24165.5,190.24,54561
Orient=0,0,0,1
Scale=1,1,1
links_count=2
link=151025595,1
link=151025597,1

[ENTRY]
ID=151025597
Asset=Manipulator-PathNode
Pos=24122.5,239.331,54302
Orient=0,0,0,1
Scale=1,1,1
links_count=2
link=151025596,1
link=151025598,1

