[ENTRY]
ID=151000963
Asset=Forest?d=0.9&s=876723&sz=800
Pos=24514,205.189,58494
Orient=0,0,0,1
Scale=1,1,1
Flags=1

[ENTRY]
ID=151021716
Asset=Manipulator-SpawnPoint
Pos=24105,201.367,57883
Orient=0,0,0,1
Scale=1,1,1
spawnPackage=4_hwo_wilds_33_34
outerRadius=10

[ENTRY]
ID=151021718
Asset=Manipulator-SpawnPoint
Pos=24587.6,187.343,57795
Orient=0,0,0,1
Scale=1,1,1
innerRadius=65
spawnPackage=4_hwo_wilds_33_34
outerRadius=70

[ENTRY]
ID=151023173
Asset=Prop-Bush-Large2
Pos=24514.4,191.154,58011
Orient=0,-0.328769,0,0.94441
Scale=4.05,4.05,4.05
Flags=1

