[ENTRY]
ID=151010766
Asset=Prop-Henge-BlueStone
Pos=24000.5,212.251,77079
Orient=0.095766,0.404068,-0.0425837,-0.908705
Scale=1.625,1.625,1.625

[ENTRY]
ID=151034210
Asset=Manipulator-SpawnPoint
Pos=24677.9,211.805,76667
Orient=0,0,0,1
Scale=1,1,1
innerRadius=95
spawnPackage=5_wilds_47
outerRadius=100

[ENTRY]
ID=151034213
Asset=Manipulator-SpawnPoint
Pos=24427.4,203.987,77054
Orient=0,0,0,1
Scale=1,1,1
innerRadius=95
spawnPackage=5_wilds_47
outerRadius=100

