[ENTRY]
ID=151034223
Asset=Manipulator-SpawnPoint
Pos=24588.3,224.75,78960
Orient=0,0,0,1
Scale=1,1,1
innerRadius=95
spawnPackage=5_wilds_47
outerRadius=100

[ENTRY]
ID=151034225
Asset=Manipulator-SpawnPoint
Pos=24594.7,212.235,79389
Orient=0,0,0,1
Scale=1,1,1
innerRadius=95
spawnPackage=5_wilds_47
outerRadius=100

[ENTRY]
ID=151062126
Asset=CL-Desert#CL-Roadside_Desert3
Pos=24181.1,196.144,79388.9
Orient=0,0.717356,0,0.696707
Scale=1,1,1
Flags=1

[ENTRY]
ID=151062171
Asset=CL-Desert#CL-Roadside_Desert1
Pos=24088.4,185.495,79473.7
Orient=0,0.744643,0,0.667463
Scale=1,1,1

