[ENTRY]
ID=151031566
Asset=Basic Desert?d=0.2&s=887&sz=800
Pos=24954.2,227.038,74341
Orient=0,-0.874789,0,0.484505
Scale=1,1,1

[ENTRY]
ID=151031910
Asset=Manipulator-SpawnPoint
Pos=25291.7,261.885,74401
Orient=0,0,0,1
Scale=1,1,1
innerRadius=95
spawnPackage=5_wilds_35_36
outerRadius=100

[ENTRY]
ID=151031912
Asset=Manipulator-SpawnPoint
Pos=24851.3,222.07,74776
Orient=0,0,0,1
Scale=1,1,1
innerRadius=95
spawnPackage=5_wilds_35_36
outerRadius=100

