[ENTRY]
ID=151008601
Asset=Prop-Bush_AridDead3#Prop-Bush_AridDead3
Pos=24760.1,98.6115,91637
Orient=0,0,0,1
Scale=3.65,3.65,3.65
Flags=1

[ENTRY]
ID=151032253
Asset=Manipulator-SpawnPoint
Pos=25340.3,310.301,91830
Orient=0,0,0,1
Scale=1,1,1
innerRadius=75
spawnPackage=5_wilds_36_37
outerRadius=80

[ENTRY]
ID=151038202
Asset=Manipulator-SpawnPoint
Pos=24790.2,329.031,92210
Orient=0,0.560508,0,0.828149
Scale=1,1,1
spawnPackage=5_excavatedCity_lower_36_37
outerRadius=1

[ENTRY]
ID=151038363
Asset=Manipulator-SpawnPoint
Pos=24852.9,91.4047,91516
Orient=0,0.960835,0,0.277121
Scale=1,1,1
spawnPackage=5_excavatedCity_lower_36_37
outerRadius=1

