[ENTRY]
ID=151000986
Asset=CL-Dead-Rotted_Forest2
Pos=25391.9,262.336,56550
Orient=0,0,0,1
Scale=1,1,1
Flags=1

[ENTRY]
ID=151000987
Asset=Forest?d=0.9&s=871817&sz=800
Pos=25319.3,271.734,56660
Orient=0,0.29552,0,0.955337
Scale=1,1,1
Flags=1

[ENTRY]
ID=151021855
Asset=Manipulator-SpawnPoint
Pos=25395.1,262.491,56533
Orient=0,0,0,1
Scale=1,1,1
innerRadius=65
spawnPackage=4_hwo_wilds_33_34
outerRadius=70

