[ENTRY]
ID=151007919
Asset=Basic Desert?d=0.2&s=81817&sz=800
Pos=24883.3,452.52,77630
Orient=0,-0.998952,0,0.0457807
Scale=1,1,1
Flags=1

[ENTRY]
ID=151034212
Asset=Manipulator-SpawnPoint
Pos=25312.2,232.291,77349
Orient=0,0,0,1
Scale=1,1,1
innerRadius=95
spawnPackage=5_wilds_47
outerRadius=100

[ENTRY]
ID=151034214
Asset=Manipulator-SpawnPoint
Pos=24926.5,205.163,77511
Orient=0,0,0,1
Scale=1,1,1
innerRadius=95
spawnPackage=5_wilds_47
outerRadius=100

