[ENTRY]
ID=151003446
Asset=Swamp_Ruin?d=0.9&s=8714567&sz=800+
Pos=24917.3,87.9614,63614
Orient=0,-0.425939,0,0.904752
Scale=1.425,1.425,1.425
Flags=1

[ENTRY]
ID=151003448
Asset=Swamp_Ruin?d=0.9&s=8714567&sz=800+
Pos=25340.6,99.1599,63739
Orient=0,-0.628793,0,0.777573
Scale=1.425,1.425,1.425
Flags=1

[ENTRY]
ID=151022614
Asset=Manipulator-SpawnPoint
Pos=25010.8,94.6389,63348
Orient=0,0,0,1
Scale=1,1,1
innerRadius=95
spawnPackage=4_drm_wilds_47_48
outerRadius=100

