[ENTRY]
ID=151004493
Asset=Arid_Clutter?d=0.9&s=871817&sz=800
Pos=24783.7,1183.69,95314
Orient=0,0.00499998,0,0.999987
Scale=1,1,1
Flags=1

[ENTRY]
ID=151004496
Asset=Arid_Clutter?d=0.9&s=871837&sz=800
Pos=25475.6,1289.19,95554
Orient=0,0,0,1
Scale=1,1,1

[ENTRY]
ID=151032426
Asset=Manipulator-SpawnPoint
Pos=25195,1338.6,95470
Orient=0,0,0,1
Scale=1,1,1
innerRadius=95
spawnPackage=9_wilds_37_38
outerRadius=100

