[ENTRY]
ID=151003444
Asset=Swamp_Deep?d=0.9&s=878867&sz=800+
Pos=25242,85.1853,65095
Orient=0,-0.781204,0,-0.624275
Scale=1.175,1.175,1.175
Flags=1

[ENTRY]
ID=151003445
Asset=Swamp_Ruin?d=0.9&s=8714567&sz=800+
Pos=25216.7,80.917,64953
Orient=0,-0.648033,0,0.761612
Scale=1.125,1.125,1.125
Flags=1

[ENTRY]
ID=151022611
Asset=Manipulator-SpawnPoint
Pos=25397.4,71.2391,64792
Orient=0,0,0,1
Scale=1,1,1
innerRadius=95
spawnPackage=4_drm_wilds_47_48
outerRadius=100

