[ENTRY]
ID=151054876
Asset=Par-Waves-1-Emitter
Pos=25141,65.3643,53118
Orient=0,0.999973,0,-0.00739181
Scale=3,3,3
Flags=1

