[ENTRY]
ID=151003712
Asset=Prop-Desert_Accent#Prop-Desert_Accent2
Pos=25405.5,518.591,71964
Orient=0,0.864925,0,0.501902
Scale=0.6,0.6,0.6
Flags=1

[ENTRY]
ID=151031924
Asset=Manipulator#Manipulator-PathNode
Pos=24916.7,196.81,71720
Orient=0,0,0,1
Scale=1,1,1
links_count=1
link=151031923,1

[ENTRY]
ID=151039822
Asset=Manipulator#Manipulator-PathNode
Pos=25407.9,153.305,71350
Orient=0,0,0,1
Scale=1,1,1
links_count=1
link=151039821,1

[ENTRY]
ID=151039823
Asset=Manipulator-SpawnPoint
Pos=25351.5,152.304,71409
Orient=0,-0.724287,0,0.689498
Scale=1,1,1
links_count=1
link=151039824,1
spawnPackage=5_spiketailDemolisherCamp
outerRadius=10

[ENTRY]
ID=151039824
Asset=Manipulator#Manipulator-PathNode
Pos=25426.6,202.469,71646
Orient=0,0,0,1
Scale=1,1,1
links_count=1
link=151039823,1

[ENTRY]
ID=151039826
Asset=Manipulator-SpawnPoint
Pos=24927.2,197.752,71708
Orient=0,0,0,1
Scale=1,1,1
innerRadius=65
spawnPackage=5_wilds_35_36
outerRadius=70

