[ENTRY]
ID=151025561
Asset=Manipulator-PathNode
Pos=24964.8,208.461,54967
Orient=0,0,0,1
Scale=1,1,1
links_count=2
link=151025560,1
link=151025562,1

[ENTRY]
ID=151054882
Asset=Par-Waves-1-Emitter
Pos=25488.5,60.3081,55169
Orient=0,0.832269,0,0.554372
Scale=3,3,3
Flags=1

