[ENTRY]
ID=151034224
Asset=Manipulator-SpawnPoint
Pos=25079.7,216.463,78881
Orient=0,0,0,1
Scale=1,1,1
innerRadius=95
spawnPackage=5_wilds_47
outerRadius=100

[ENTRY]
ID=151034228
Asset=Manipulator-SpawnPoint
Pos=24930.7,237.698,79209
Orient=0,0,0,1
Scale=1,1,1
spawnPackage=5_wilds_47
outerRadius=10

[ENTRY]
ID=151034230
Asset=Manipulator-SpawnPoint
Pos=25328.9,235.09,79248
Orient=0,0,0,1
Scale=1,1,1
innerRadius=95
spawnPackage=5_wilds_47
outerRadius=100

[ENTRY]
ID=151058900
Asset=Basic Desert?d=0.4&s=133817&sz=800
Pos=24828.4,428.558,79007.7
Orient=0,-0.572867,0,0.819648
Scale=1,1,1
Flags=1

