[ENTRY]
ID=151020912
Asset=Prop-Bush_AridDead3#Prop-Bush_AridDead3
Pos=25477.3,74.2479,61877
Orient=0,0,0,1
Scale=2.4,2.4,2.4
Flags=1

[ENTRY]
ID=151021035
Asset=Par-Ground_Fog1
Pos=25249.3,88.2025,61886
Orient=0,0,0,1
Scale=1,1,1
Flags=1

[ENTRY]
ID=151021097
Asset=Prop-Battlefield_Skeletons#Prop-Battlefield_Skeleton1
Pos=25373.8,92.0382,62065
Orient=0,0,0,1
Scale=1,1,1
Flags=1

[ENTRY]
ID=151021099
Asset=Prop-Battlefield_Skeletons#Prop-Battlefield_Skeleton3
Pos=25371.3,94.5172,61948
Orient=0,-0.984865,0,-0.173324
Scale=1.3,1.3,1.3
Flags=1

[ENTRY]
ID=151021109
Asset=Prop-Bush_Arid6
Pos=25461.3,73.9397,61866
Orient=0,0,0,1
Scale=2.05,2.05,2.05
Flags=1

[ENTRY]
ID=151022620
Asset=Manipulator-SpawnPoint
Pos=25076.3,86.8949,62121
Orient=0,0,0,1
Scale=1,1,1
innerRadius=95
spawnPackage=4_drm_tarPits_47_48
outerRadius=100

