[ENTRY]
ID=151003442
Asset=Swamp_Ruin?d=0.9&s=8714567&sz=800+
Pos=25342,76.0815,65920
Orient=0,-0.648033,0,0.761612
Scale=1.525,1.525,1.525
Flags=1

[ENTRY]
ID=151022605
Asset=Manipulator-SpawnPoint
Pos=24977,103.326,65356
Orient=0,0,0,1
Scale=1,1,1
innerRadius=95
spawnPackage=4_drm_wilds_47_48
outerRadius=100

