[ENTRY]
ID=151003418
Asset=Swamp_Deep?d=0.9&s=878817&sz=800+
Pos=25489.1,101.682,66234
Orient=0,-0.941344,0,-0.337447
Scale=1.05,1.05,1.05
Flags=1

[ENTRY]
ID=151022606
Asset=Manipulator-SpawnPoint
Pos=25040.6,74.8545,66183
Orient=0,0,0,1
Scale=1,1,1
innerRadius=95
spawnPackage=4_drm_wilds_47_48
outerRadius=100

