[ENTRY]
ID=151003294
Asset=Prop-Desert_Accent#Prop-Desert_Accent3
Pos=25420.1,166.309,78072
Orient=0,-0.792563,0,0.609791
Scale=1,1,1
Flags=1

[ENTRY]
ID=151034218
Asset=Manipulator-SpawnPoint
Pos=24855.8,187.789,78130
Orient=0,0,0,1
Scale=1,1,1
spawnPackage=5_wilds_47
outerRadius=10

[ENTRY]
ID=151034220
Asset=Manipulator-SpawnPoint
Pos=24952.8,238.887,78530
Orient=0,0,0,1
Scale=1,1,1
innerRadius=95
spawnPackage=5_wilds_47
outerRadius=100

