[ENTRY]
ID=151036325
Asset=Manipulator-SpawnPoint
Pos=25618,356.698,75713
Orient=0,0.963983,0,-0.265965
Scale=0.975,0.975,0.975
links_count=1
link=151036328,1
spawnPackage=5_lisianShadowblade
outerRadius=10

[ENTRY]
ID=151036328
Asset=Manipulator#Manipulator-PathNode
Pos=25531.5,341.113,75736
Orient=0,0,0,1
Scale=0.975,0.975,0.975
links_count=2
link=151036325,1
link=151036329,1

