[ENTRY]
ID=151031563
Asset=Basic Desert?d=0.2&s=81687&sz=800
Pos=25561.3,227.744,73400
Orient=0,0.46178,0,0.886995
Scale=1,1,1

[ENTRY]
ID=151031908
Asset=Manipulator-SpawnPoint
Pos=25880.1,226.325,73492
Orient=0,0,0,1
Scale=1,1,1
innerRadius=95
spawnPackage=5_wilds_35_36
outerRadius=100

[ENTRY]
ID=151031918
Asset=Manipulator-SpawnPoint
Pos=25592.5,218.473,73014
Orient=0,0,0,1
Scale=1,1,1
links_count=1
link=151031919,1
spawnPackage=5_wilds_35_36
outerRadius=10

