[ENTRY]
ID=151021865
Asset=Manipulator-SpawnPoint
Pos=25751.3,227.979,56061
Orient=0,0,0,1
Scale=1,1,1
innerRadius=95
spawnPackage=4_hwo_wilds_33_34
outerRadius=100

[ENTRY]
ID=151023036
Asset=Forest?d=0.9&s=871817&sz=800
Pos=25829.8,257.466,55810
Orient=0,0.72083,0,0.693111
Scale=1,1,1
Flags=1

