[ENTRY]
ID=151032238
Asset=Manipulator-PathNode
Pos=26188.7,235.419,88574.9
Orient=0,0,0,1
Scale=1,1,1
links_count=1
link=151032237,1

[ENTRY]
ID=151032243
Asset=Manipulator-SpawnPoint
Pos=26071,235.83,88733.4
Orient=0,0,0,1
Scale=0.95,0.95,0.95
links_count=1
link=151032244,1
spawnPackage=5_wilds_35_36
outerRadius=10

[ENTRY]
ID=151032244
Asset=Manipulator#Manipulator-PathNode
Pos=25829.3,236.831,88854.7
Orient=0,0,0,1
Scale=1,1,1
links_count=2
link=151032243,1
link=151032245,1

[ENTRY]
ID=151032245
Asset=Manipulator-PathNode
Pos=25681.4,224.536,88654.2
Orient=0,0,0,1
Scale=1,1,1
links_count=1
link=151032244,1

[ENTRY]
ID=151032246
Asset=Manipulator-SpawnPoint
Pos=25535.5,224.626,88517
Orient=0,0,0,1
Scale=1,1,1
innerRadius=75
spawnPackage=5_wilds_35_36
outerRadius=80

[ENTRY]
ID=151058880
Asset=Basic Desert?d=0.2&s=87117&sz=800%0D%0A
Pos=25987.7,238.257,88754
Orient=0,0.703279,0,0.710914
Scale=1,1,1
Flags=1

