[ENTRY]
ID=151031564
Asset=Basic Desert?d=0.2&s=887&sz=800
Pos=26112.1,273.419,73930
Orient=0,0.109779,0,0.993956
Scale=1,1,1

[ENTRY]
ID=151031909
Asset=Manipulator-SpawnPoint
Pos=25815.6,236.269,74062
Orient=0,0,0,1
Scale=1,1,1
innerRadius=95
spawnPackage=5_wilds_35_36
outerRadius=100

