[ENTRY]
ID=151033969
Asset=Manipulator-SpawnPoint
Pos=26200.7,386.391,83098
Orient=0,-0.792563,0,0.609791
Scale=1,1,1
links_count=2
link=151033970,1
link=151033976,1
spawnPackage=5_sandGoliathCamps_47
outerRadius=1

[ENTRY]
ID=151033977
Asset=Manipulator-SpawnPoint
Pos=26144.7,368.734,82662
Orient=0,-0.0399893,0,0.9992
Scale=0.95,0.95,0.95
links_count=2
link=151033978,1
link=151033982,1
spawnPackage=5_sandGoliathCamps_47
outerRadius=1

