[ENTRY]
ID=151006695
Asset=Swamp_Ruin?d=0.9&s=8714567&sz=800+
Pos=26148,113.866,64401
Orient=0,-0.628793,0,0.777573
Scale=1.425,1.425,1.425
Flags=1

[ENTRY]
ID=151022613
Asset=Manipulator-SpawnPoint
Pos=25973.1,120.886,64103
Orient=0,0,0,1
Scale=1,1,1
innerRadius=95
spawnPackage=4_drm_wilds_47_48
outerRadius=100

