[ENTRY]
ID=151001197
Asset=Forest?d=0.9&s=845567&sz=800
Pos=25768,242.397,68463
Orient=0,0.338197,0,0.941075
Scale=1,1,1
Flags=1

[ENTRY]
ID=151021557
Asset=Manipulator-SpawnPoint
Pos=25985,216.099,68568
Orient=0,0,0,1
Scale=1,1,1
innerRadius=85
spawnPackage=4_hwo_wilds_33_34
outerRadius=90

[ENTRY]
ID=151021560
Asset=Manipulator-SpawnPoint
Pos=25548.8,278.7,68483
Orient=0,0,0,1
Scale=1,1,1
innerRadius=95
spawnPackage=4_hwo_wilds_33_34
outerRadius=100

