[ENTRY]
ID=151000984
Asset=Hill_Trees?d=0.9&s=871817&sz=800
Pos=25896.7,246.762,56367
Orient=0,-0.784315,0,-0.620362
Scale=1,1,1
Flags=1

[ENTRY]
ID=151021888
Asset=Manipulator-SpawnPoint
Pos=25799.7,210.512,56792
Orient=0,0,0,1
Scale=1,1,1
spawnPackage=4_hwo_wilds_33_34
outerRadius=10

[ENTRY]
ID=151021896
Asset=Manipulator-SpawnPoint
Pos=26104.9,177.052,56832
Orient=0,0,0,1
Scale=1,1,1
spawnPackage=4_hwo_wilds_33_34
outerRadius=10

