[ENTRY]
ID=151033991
Asset=Manipulator-SpawnPoint
Pos=25732.3,349.267,84317
Orient=0,0.305059,0,0.952333
Scale=0.925,0.925,0.925
links_count=1
link=151033992,1
spawnPackage=5_sandGoliathCamps_47
outerRadius=1

[ENTRY]
ID=151033992
Asset=Manipulator#Manipulator-PathNode
Pos=25834.4,306.675,84163
Orient=0,0,0,1
Scale=1,1,1
links_count=2
link=151033991,1
link=151033993,1

[ENTRY]
ID=151033993
Asset=Manipulator-PathNode
Pos=25996.4,322.802,84125
Orient=0,0,0,1
Scale=1,1,1
links_count=2
link=151033992,1
link=151033994,1

[ENTRY]
ID=151034001
Asset=Manipulator-PathNode
Pos=26150.3,355.234,84286
Orient=0,0,0,1
Scale=1,1,1
links_count=2
link=151033997,1
link=151034000,1

