[ENTRY]
ID=151034298
Asset=Manipulator-SpawnPoint
Pos=26945,275.509,80256
Orient=0,-0.999942,0,0.0107962
Scale=1,1,1
spawnPackage=5_lisianCultist/Ritualist
outerRadius=1

[ENTRY]
ID=151034308
Asset=Manipulator-SpawnPoint
Pos=26923.3,255.314,80474
Orient=0,-0.114747,0,0.993395
Scale=1,1,1
links_count=1
link=151034309,1
spawnPackage=5_lisianCultist/Ritualist
outerRadius=10

[ENTRY]
ID=151034418
Asset=Manipulator-PathNode
Pos=26874.3,254.779,80424
Orient=0,0,0,1
Scale=1,1,1
links_count=1
link=151034413,1

[ENTRY]
ID=151034470
Asset=Manipulator-PathNode
Pos=26857.9,272.035,80505
Orient=0,0,0,1
Scale=1,1,1
links_count=2
link=151034469,1
link=151034471,1

[ENTRY]
ID=151060105
Asset=Prop-Bones-Rib
Pos=26881.6,285.717,80295.2
Orient=-0.39372,-0.508326,-0.587427,0.491445
Scale=3.05,3.05,3.05

