[ENTRY]
ID=151062437
Asset=Forest?d=0.9&s=81527&sz=800
Pos=26804.9,218.48,67485
Orient=0,0.990105,0,0.14033
Scale=1,1,1

