[ENTRY]
ID=151003437
Asset=Swamp_Deep?d=0.9&s=878817&sz=800+
Pos=26253.1,108.637,66426
Orient=0,-0.997836,0,0.0657488
Scale=1.05,1.05,1.05
Flags=1

