[ENTRY]
ID=151031559
Asset=Basic Desert?d=0.2&s=8187&sz=800
Pos=26904.4,219.959,73614
Orient=0,0.46178,0,0.886995
Scale=1,1,1

[ENTRY]
ID=151031893
Asset=Manipulator-SpawnPoint
Pos=26730.7,257.743,73738
Orient=0,0,0,1
Scale=1,1,1
innerRadius=95
spawnPackage=5_wilds_35_36
outerRadius=100

[ENTRY]
ID=151031904
Asset=Manipulator-SpawnPoint
Pos=26251.1,260.82,73886
Orient=0,0,0,1
Scale=1,1,1
innerRadius=95
spawnPackage=5_wilds_35_36
outerRadius=100

