[ENTRY]
ID=151032430
Asset=Manipulator-SpawnPoint
Pos=26317,1416.16,94868
Orient=0,0,0,1
Scale=1,1,1
innerRadius=95
spawnPackage=9_wilds_37_38
outerRadius=100

[ENTRY]
ID=151032437
Asset=Manipulator-SpawnPoint
Pos=26616.3,1387.01,94556
Orient=0,0,0,1
Scale=1,1,1
innerRadius=95
spawnPackage=9_wilds_37_38
outerRadius=100

[ENTRY]
ID=151032831
Asset=Prop-Desert_Accent1
Pos=26903.8,1447.89,94873
Orient=0,0,0,1
Scale=0.825,0.825,0.825
Flags=1

[ENTRY]
ID=151032876
Asset=CL-AridBush5#CL-AridBush5
Pos=26672.5,1367.53,94690
Orient=0,-0.366272,0,0.930508
Scale=1.15,1.15,1.15

