[ENTRY]
ID=151031568
Asset=Basic Desert?d=0.2&s=81897&sz=800
Pos=26709.4,277.476,71299
Orient=0,0.46178,0,0.886995
Scale=1,1,1

[ENTRY]
ID=151031894
Asset=Manipulator-SpawnPoint
Pos=26613.8,206.416,71357
Orient=0,0,0,1
Scale=1,1,1
innerRadius=95
spawnPackage=5_wilds_35_36
outerRadius=100

