[ENTRY]
ID=151023037
Asset=Forest?d=0.9&s=871834&sz=800
Pos=26587.6,214.287,58428.9
Orient=0,-0.734548,0,0.678557
Scale=0.95,0.95,0.95
Flags=1

