[ENTRY]
ID=151003293
Asset=Prop-Desert_Accent#Prop-Desert_Accent2
Pos=26307.7,317.876,77729
Orient=0,0.999707,0,-0.0242012
Scale=1,1,1
Flags=1

[ENTRY]
ID=151034221
Asset=Manipulator-SpawnPoint
Pos=26882.3,219.916,77830
Orient=0,0,0,1
Scale=1,1,1
innerRadius=65
spawnPackage=5_wilds_47
outerRadius=70

