[ENTRY]
ID=151001196
Asset=Forest?d=0.9&s=834567&sz=800
Pos=26678.8,265.175,68493
Orient=0,0.338197,0,0.941075
Scale=1,1,1
Flags=1

[ENTRY]
ID=151021555
Asset=Manipulator-SpawnPoint
Pos=26797.3,222.185,68512
Orient=0,0,0,1
Scale=1,1,1
spawnPackage=4_hwo_wilds_33_34
outerRadius=10

[ENTRY]
ID=151021558
Asset=Manipulator-SpawnPoint
Pos=26340,162.951,68513
Orient=0,0,0,1
Scale=1,1,1
spawnPackage=4_hwo_wilds_33_34
outerRadius=10

