[ENTRY]
ID=151021094
Asset=Prop-BonesTex_A#Prop-Bones-Femur
Pos=26511.5,81.7971,61961
Orient=0,-0.29552,0,0.955337
Scale=1.3,1.3,1.3

[ENTRY]
ID=151021101
Asset=Prop-Battlefield_Skeletons#Prop-Battlefield_Skeleton4
Pos=26489.7,87.8122,61985
Orient=0,0,0,1
Scale=1,1,1

[ENTRY]
ID=151022615
Asset=Manipulator-SpawnPoint
Pos=26397.5,96.0561,62029
Orient=0,0,0,1
Scale=1,1,1
innerRadius=95
spawnPackage=4_drm_tarPits_47_48
outerRadius=100

