[ENTRY]
ID=151032200
Asset=Manipulator-SpawnPoint
Pos=27528.7,267.596,86810
Orient=0,0,0,1
Scale=1,1,1
innerRadius=95
spawnPackage=5_wilds_35_36
outerRadius=100

[ENTRY]
ID=151058887
Asset=Basic Desert?d=0.1&s=873817&sz=800%0D%0A
Pos=27025.4,343.87,86770.9
Orient=0,-0.999526,0,0.030792
Scale=1,1,1
Flags=1

