[ENTRY]
ID=151034164
Asset=Manipulator-SpawnPoint
Pos=27535.2,254.089,74565
Orient=0,0,0,1
Scale=1,1,1
innerRadius=95
spawnPackage=5_wilds_47
outerRadius=100

[ENTRY]
ID=151034167
Asset=Manipulator-SpawnPoint
Pos=27281.4,317.656,74868
Orient=0,0,0,1
Scale=1,1,1
innerRadius=95
spawnPackage=5_wilds_47
outerRadius=100

[ENTRY]
ID=151034169
Asset=Manipulator-SpawnPoint
Pos=27709.3,213.452,74949
Orient=0,0,0,1
Scale=1,1,1
innerRadius=95
spawnPackage=5_wilds_47
outerRadius=100

[ENTRY]
ID=151062161
Asset=CL-Desert#CL-Roadside_Desert2
Pos=27065.3,295.422,74559.9
Orient=0,0.40319,0,0.915116
Scale=1.475,1.475,1.475
Flags=1

