[ENTRY]
ID=151010262
Asset=Forest?d=0.9&s=871834&sz=800
Pos=27077.7,323.094,58625
Orient=0,0,0,1
Scale=2.3,2.3,2.3
Flags=1

[ENTRY]
ID=151021929
Asset=Manipulator-SpawnPoint
Pos=27185.6,244.353,58951
Orient=0,0,0,1
Scale=1,1,1
spawnPackage=4_hwo_wilds_30_31
outerRadius=10

[ENTRY]
ID=151060126
Asset=Forest?d=0.9&s=871817&sz=800+
Pos=27688.5,191.221,58964.7
Orient=0,0.998531,0,-0.0541774
Scale=1.175,1.175,1.175
Flags=1

