[ENTRY]
ID=151001195
Asset=Forest?d=0.9&s=834567&sz=800
Pos=27506.2,250.208,68393
Orient=0,0.338197,0,0.941075
Scale=1,1,1
Flags=1

[ENTRY]
ID=151021553
Asset=Manipulator-SpawnPoint
Pos=27319.5,277.736,68454
Orient=0,0,0,1
Scale=1,1,1
innerRadius=65
spawnPackage=4_hwo_wilds_33_34
outerRadius=70

