[ENTRY]
ID=151032198
Asset=Manipulator-SpawnPoint
Pos=28057.7,285.605,85810
Orient=0,0,0,1
Scale=1,1,1
innerRadius=95
spawnPackage=5_wilds_35_36
outerRadius=100

[ENTRY]
ID=151032222
Asset=Manipulator-SpawnPoint
Pos=28401.3,282.763,85728
Orient=0,0,0,1
Scale=1,1,1
spawnPackage=5_wilds_35_36
outerRadius=10

[ENTRY]
ID=151058899
Asset=Basic Desert?d=0.2&s=873817&sz=800%0D%0A
Pos=28138.6,315.434,85615.5
Orient=0,-0.854714,0,0.519099
Scale=1,1,1
Flags=1

