[ENTRY]
ID=151001039
Asset=Forest?d=0.9&s=671834&sz=800+
Pos=28093.7,145.598,58467
Orient=0,-0.242556,0,0.970137
Scale=0.825,0.825,0.825
Flags=1

[ENTRY]
ID=151020106
Asset=Manipulator-SpawnPoint
Pos=28231.5,268.867,58010
Orient=0,0,0,1
Scale=1,1,1
innerRadius=145
spawnPackage=4_hwo_wilds_32_33
outerRadius=150

