[ENTRY]
ID=151034158
Asset=Manipulator-SpawnPoint
Pos=28353.4,204.832,73651
Orient=0,0,0,1
Scale=1,1,1
innerRadius=95
spawnPackage=5_wilds_47
outerRadius=100

[ENTRY]
ID=151034160
Asset=Manipulator-SpawnPoint
Pos=28069,215.345,73981
Orient=0,0,0,1
Scale=1,1,1
innerRadius=95
spawnPackage=5_wilds_47
outerRadius=100

[ENTRY]
ID=151062160
Asset=CL-Desert#CL-Roadside_Desert4
Pos=27764.4,189.634,73640.9
Orient=-0.061855,0.370295,0.0416244,0.925917
Scale=1,1,1
Flags=1

