[ENTRY]
ID=151021528
Asset=Manipulator-SpawnPoint
Pos=28241.6,259.261,66225
Orient=0,0,0,1
Scale=1,1,1
innerRadius=95
spawnPackage=4_hwo_wilds_32_33
outerRadius=100

[ENTRY]
ID=151021538
Asset=Manipulator-SpawnPoint
Pos=27943,329.496,66492
Orient=0,0,0,1
Scale=1,1,1
spawnPackage=4_hwo_wilds_32_33
outerRadius=10

[ENTRY]
ID=151062436
Asset=Forest?d=0.9&s=87567&sz=800
Pos=27809.1,269.673,66286
Orient=0,0.338197,0,0.941075
Scale=1,1,1

