[ENTRY]
ID=151006697
Asset=Forest?d=0.9&s=87567&sz=800
Pos=27823.6,230.028,67265
Orient=0,0.338197,0,0.941075
Scale=1,1,1
Flags=1

[ENTRY]
ID=151021539
Asset=Manipulator-SpawnPoint
Pos=28352.4,216.303,67088
Orient=0,0,0,1
Scale=1,1,1
spawnPackage=4_hwo_wilds_32_33
outerRadius=10

[ENTRY]
ID=151021540
Asset=Manipulator-SpawnPoint
Pos=27892.1,185.282,66940
Orient=0,0,0,1
Scale=1,1,1
innerRadius=75
spawnPackage=4_hwo_wilds_32_33
outerRadius=80

[ENTRY]
ID=151021542
Asset=Manipulator-SpawnPoint
Pos=27956.8,196.426,67358
Orient=0,0,0,1
Scale=1,1,1
spawnPackage=4_hwo_wilds_32_33
outerRadius=10

[ENTRY]
ID=151021543
Asset=Manipulator-SpawnPoint
Pos=28357.6,241.009,67419
Orient=0,0,0,1
Scale=1,1,1
spawnPackage=4_hwo_wilds_32_33
outerRadius=10

