[ENTRY]
ID=151032854
Asset=Prop-Entrance1
Pos=28368.1,1198.79,96064
Orient=0,-0.62614,0,-0.779711
Scale=1.5,1.5,1.5
Flags=1

[ENTRY]
ID=151035041
Asset=Manipulator-SpawnPoint
Pos=28306,1198.43,96038
Orient=0,-0.983083,0,-0.183163
Scale=1,1,1
spawnPackage=9_fireridgeDenmother_d_38
outerRadius=1

[ENTRY]
ID=151035230
Asset=Manipulator-SpawnPoint
Pos=28240.4,1200.26,96020
Orient=0,-0.999816,0,-0.0192024
Scale=0.975,0.975,0.975
links_count=1
link=151035231,1
spawnPackage=9_antlionCamp_37_38
outerRadius=10

