[ENTRY]
ID=151012716
Asset=Prop-Boulder_Arid2
Pos=28244.8,285.54,78320
Orient=-0.104709,-0.316857,0.00521423,0.942661
Scale=5.225,5.225,5.225
Flags=1

[ENTRY]
ID=151060069
Asset=Prop-BonesTex_A#Prop-Bones_RibsCage1
Pos=28067.5,620.863,78486.3
Orient=-0.173999,0.589921,0.139632,0.776029
Scale=1.95,1.95,1.95

[ENTRY]
ID=151060085
Asset=Prop-Bones_Dragon#Prop-Bones_DragonSkull1
Pos=28201.2,628.22,78419.7
Orient=0.669338,0.740885,0.040472,0.0379382
Scale=2.025,2.025,2.025

