[ENTRY]
ID=151020101
Asset=Manipulator-SpawnPoint
Pos=27901.4,265.991,56958
Orient=0,0.425939,0,0.904752
Scale=1,1,1
innerRadius=125
spawnPackage=4_hwo_wilds_32_33
outerRadius=130

[ENTRY]
ID=151022746
Asset=Environment-Marker?type=Forest
Pos=28338.2,272.224,56932
Orient=0,0,0,1
Scale=7.95,7.95,7.95

[ENTRY]
ID=151023041
Asset=Forest?d=0.9&s=871817&sz=800
Pos=28212.6,245.461,56858
Orient=0,0.333487,0,0.942755
Scale=1.45,1.45,1.45
Flags=1

