[ENTRY]
ID=151032454
Asset=Manipulator#Manipulator-PathNode
Pos=28610.2,1281,92729
Orient=0,0,0,1
Scale=1,1,1
links_count=2
link=151032453,1
link=151032455,1

[ENTRY]
ID=151032455
Asset=Manipulator-PathNode
Pos=28822.9,1281.29,92717
Orient=0,0,0,1
Scale=1,1,1
links_count=1
link=151032454,1

[ENTRY]
ID=151058815
Asset=CL-AridBush6#CL-AridBush6
Pos=28515.6,1275.69,92765.3
Orient=0,0.0349929,0,0.999388
Scale=1.725,1.725,1.725
Flags=1

