[ENTRY]
ID=151001035
Asset=Forest?d=0.9&s=871817&sz=800+
Pos=28856.8,190.57,58508
Orient=0,0.999784,0,0.0207949
Scale=1.1,1.1,1.1
Flags=1

