[ENTRY]
ID=151002624
Asset=Forest?d=0.9&s=671834&sz=800+
Pos=29051.7,196.92,56660
Orient=0,0.724287,0,0.689499
Scale=1.1,1.1,1.1
Flags=1

[ENTRY]
ID=151020096
Asset=Manipulator-SpawnPoint
Pos=28853.8,222.086,56984
Orient=0,0,0,1
Scale=1,1,1
innerRadius=145
spawnPackage=4_hwo_wilds_32_33
outerRadius=150

