[ENTRY]
ID=151037195
Asset=Manipulator-SpawnPoint
Pos=29166.5,1261.78,84166
Orient=0,0.29074,0,0.956802
Scale=1,1,1
links_count=1
link=151037196,1
spawnPackage=9_needleskinJabberCamp
outerRadius=10

