[ENTRY]
ID=151022369
Asset=Manipulator-SpawnPoint
Pos=28834.5,211.074,68096
Orient=0,0,0,1
Scale=1,1,1
spawnPackage=4_hwo_wilds_34_35
outerRadius=10

[ENTRY]
ID=151023160
Asset=CL-Rotted_Flora4#CL-Rotted_Flora4
Pos=29215.4,175.997,67869
Orient=0,-0.959437,0,0.281922
Scale=2.5,2.5,2.5
Flags=1

[ENTRY]
ID=151026208
Asset=Manipulator-PathNode
Pos=28758.3,205.367,67700
Orient=0,0,0,1
Scale=1.45,1.45,1.45
links_count=2
link=151026207,1
link=151026209,1

[ENTRY]
ID=151026209
Asset=Manipulator-PathNode
Pos=29035.4,211.38,67501
Orient=0,0,0,1
Scale=1.45,1.45,1.45
links_count=2
link=151026208,1
link=151026211,1

