[ENTRY]
ID=151054895
Asset=Par-Waves-1-Emitter
Pos=28711.9,65.3643,55267
Orient=0,0.989879,0,-0.141911
Scale=3,3,3
Flags=1

