[ENTRY]
ID=151014243
Asset=Manipulator-SpawnPoint
Pos=28992.5,286.676,66853
Orient=0,0.893464,0,0.449134
Scale=1,1,1
spawnPackage=4_hwo_greyspanOrchardOutside_34_35
outerRadius=1

[ENTRY]
ID=151021534
Asset=Manipulator-SpawnPoint
Pos=28866.7,222.343,66927
Orient=0,0,0,1
Scale=1,1,1
innerRadius=125
spawnPackage=4_hwo_wilds_32_33
outerRadius=130

[ENTRY]
ID=151026211
Asset=Manipulator-PathNode
Pos=29151,216.233,67481
Orient=0,0,0,1
Scale=1.45,1.45,1.45
links_count=2
link=151026209,1
link=151026212,1

[ENTRY]
ID=151062440
Asset=Forest?d=0.9&s=871567&sz=800
Pos=28641.6,193.421,66797
Orient=0,0.338197,0,0.941075
Scale=1,1,1

