[ENTRY]
ID=151001036
Asset=Forest?d=0.9&s=871834&sz=800+
Pos=28801.2,250.137,57862
Orient=0,0.999784,0,0.0207949
Scale=0.925,0.925,0.925
Flags=1

[ENTRY]
ID=151013253
Asset=Manipulator-SpawnPoint
Pos=28867.2,218.183,58051.8
Orient=0,0,0,1
Scale=1,1,1
innerRadius=145
spawnPackage=4_hwo_wilds_32_33
outerRadius=150

