[ENTRY]
ID=151032292
Asset=Manipulator-SpawnPoint
Pos=29368.6,318.497,90683
Orient=0,0,0,1
Scale=1,1,1
innerRadius=95
spawnPackage=5_wilds_36_37
outerRadius=100

[ENTRY]
ID=151032313
Asset=Manipulator-SpawnPoint
Pos=29950.8,324.276,90601.2
Orient=0,0,0,1
Scale=1,1,1
links_count=1
link=151032314,1
spawnPackage=5_wilds_36_37
outerRadius=10

[ENTRY]
ID=151032314
Asset=Manipulator#Manipulator-PathNode
Pos=29689,311.56,90705.6
Orient=0,0,0,1
Scale=1,1,1
links_count=2
link=151032313,1
link=151032315,1

[ENTRY]
ID=151032322
Asset=Manipulator-SpawnPoint
Pos=29725.6,310.629,90625.6
Orient=0,0,0,1
Scale=1,1,1
innerRadius=95
spawnPackage=5_wilds_36_37
outerRadius=100

[ENTRY]
ID=151058864
Asset=Basic Desert?d=0.3&s=871817&sz=800%0D%0A
Pos=29321.5,322.728,90738.8
Orient=0,0.218229,0,0.975898
Scale=1,1,1

