[ENTRY]
ID=151003407
Asset=Prop-Desert_Accent#Prop-Desert_Accent2
Pos=29347.6,470.97,75177
Orient=0,-0.969109,0,-0.246632
Scale=1,1,1
Flags=1

[ENTRY]
ID=151034134
Asset=Manipulator-SpawnPoint
Pos=29936.2,335.705,75721
Orient=0,0,0,1
Scale=1,1,1
innerRadius=95
spawnPackage=5_wilds_47
outerRadius=100

