[ENTRY]
ID=10000357
Asset=Manipulator-SpawnPoint
Pos=29988,73,54446
Orient=0,0,0,1
Scale=1,1,1
Facing=204
sceneryName=generated_spawn
spawnPackage=z9_eur_gen_Gyta_Gyron_2210

[ENTRY]
ID=151054902
Asset=Par-Waves-1-Emitter
Pos=29562.4,59.9658,54457
Orient=0,0.639159,0,-0.769074
Scale=3,3,3
Flags=1

