[ENTRY]
ID=151001201
Asset=Forest?d=0.9&s=341817&sz=800
Pos=29259.1,249.352,64783
Orient=0,0,0,1
Scale=1,1,1
Flags=1

[ENTRY]
ID=151023031
Asset=Manipulator#Manipulator-PathNode
Pos=29527.4,203.825,65066
Orient=0,0,0,1
Scale=1,1,1
links_count=2
link=151023030,1
link=151023032,1

[ENTRY]
ID=151023148
Asset=Forest?d=0.9&s=23323&sz=800
Pos=29392.7,258.677,64665
Orient=0,0.980893,0,0.194546
Scale=1,1,1
Flags=1

