[ENTRY]
ID=151039250
Asset=Manipulator-SpawnPoint
Pos=29924.8,1136.05,86899
Orient=0,-0.99871,0,0.0507745
Scale=1,1,1
links_count=1
link=151039251,1
spawnPackage=9_wilds_38_39
outerRadius=10

[ENTRY]
ID=151039251
Asset=Manipulator#Manipulator-PathNode
Pos=29709.6,1137.73,86867
Orient=0,0,0,1
Scale=1,1,1
links_count=2
link=151039250,1
link=151039252,1

