[ENTRY]
ID=151032844
Asset=Prop-Entrance1
Pos=29462,1318.2,94135
Orient=0,-0.999526,0,0.0307915
Scale=1,1,1

[ENTRY]
ID=151032865
Asset=Prop-Desert_Accent1
Pos=29492.2,1308.2,93986
Orient=0,0.597195,0,0.802096
Scale=1.05,1.05,1.05

[ENTRY]
ID=151032870
Asset=CL-AridBush1#CL-AridBush1
Pos=29255.4,1225.93,94357
Orient=0,-0.479426,0,0.877582
Scale=2.45,2.45,2.45

[ENTRY]
ID=151035084
Asset=Manipulator-SpawnPoint
Pos=29462.4,1313.81,94204
Orient=0,-0.713863,0,0.700285
Scale=1,1,1
spawnPackage=9_fireridgeDenmother_d_38
outerRadius=1

[ENTRY]
ID=151035250
Asset=Manipulator-PathNode
Pos=29895.1,1219.59,93923
Orient=0,0,0,1
Scale=1,1,1
links_count=1
link=151035249,1

