[ENTRY]
ID=151027803
Asset=Prop-Acacia_Tree#Prop-Acacia_Tree2
Pos=29984.6,1351.29,95306
Orient=0,-0.26191,0,0.965092
Scale=0.85,0.85,0.85

[ENTRY]
ID=151035134
Asset=Manipulator-SpawnPoint
Pos=29287.8,1197.3,95511
Orient=0,0,0,1
Scale=1,1,1
spawnPackage=9_antlionCamp_37_38
outerRadius=75

[ENTRY]
ID=151035152
Asset=Manipulator-SpawnPoint
Pos=29475,1197.76,95545
Orient=0,0,0,1
Scale=1,1,1
links_count=1
link=151035153,1
spawnPackage=9_antlionCamp_37_38
outerRadius=10

[ENTRY]
ID=151035153
Asset=Manipulator#Manipulator-PathNode
Pos=29705.1,1198.05,95444
Orient=0,0,0,1
Scale=1,1,1
links_count=2
link=151035152,1
link=151035154,1

[ENTRY]
ID=151036368
Asset=Manipulator-SpawnPoint
Pos=29601.4,1197.76,95511
Orient=0,0,0,1
Scale=1,1,1
spawnPackage=9_antlionCamp_37_38
outerRadius=10

