[ENTRY]
ID=151023118
Asset=CL-Sick-Rotted_Forest2#CL-Sick-Rotted_Forest2
Pos=29909.9,270.604,68603
Orient=0,0.717356,0,0.696707
Scale=1.4,1.4,1.4
Flags=1

[ENTRY]
ID=151023155
Asset=CL-Sick-Rotted_Forest1#CL-Sick-Rotted_Forest1
Pos=29497,202.486,68670
Orient=0,-0.0649545,0,0.997888
Scale=2.175,2.175,2.175
Flags=1

[ENTRY]
ID=151023156
Asset=CL-Sick-Rotted_Forest3#CL-Sick-Rotted_Forest3
Pos=29263,159.765,68531
Orient=0,0.223106,0,0.974794
Scale=1.575,1.575,1.575
Flags=1

