[ENTRY]
ID=151034939
Asset=Prop-Acacia_Tree#Prop-Acacia_Tree2
Pos=30587.8,1344.15,86995
Orient=0,-0.124675,0,0.992198
Scale=0.525,0.525,0.525

