[ENTRY]
ID=151023032
Asset=Manipulator#Manipulator-PathNode
Pos=30032,182.202,65083
Orient=0,0,0,1
Scale=1,1,1
links_count=1
link=151023031,1

[ENTRY]
ID=151023111
Asset=Forest?d=0.9&s=23323&sz=800
Pos=30362.1,247.11,64786
Orient=0,0.980893,0,0.194547
Scale=1,1,1
Flags=1

