[ENTRY]
ID=151023123
Asset=CL-Mushroom_Rotted3#CL-Mushroom_Rotted3
Pos=30169.7,289.324,67726
Orient=0,0.164252,0,0.986418
Scale=1.625,1.625,1.625
Flags=1

[ENTRY]
ID=151023127
Asset=CL-Sick-Rotted_Forest2
Pos=30265.1,245.13,68041
Orient=0,-0.80162,0,0.597833
Scale=1.025,1.025,1.025

[ENTRY]
ID=151023135
Asset=CL-Rotted_Thicket1
Pos=30624.6,224.373,68059
Orient=0,0.699716,0,0.714421
Scale=4.375,4.375,4.375
Flags=1

