[ENTRY]
ID=151034139
Asset=Manipulator-SpawnPoint
Pos=30048,323.858,76516
Orient=0,0,0,1
Scale=1,1,1
innerRadius=95
spawnPackage=5_wilds_47
outerRadius=100

[ENTRY]
ID=151060099
Asset=Basic Desert?d=0.4&s=85947&sz=500
Pos=30061.5,342.521,76638.5
Orient=0,-0.333487,0,0.942755
Scale=1,1,1
Flags=1

