[ENTRY]
ID=151001045
Asset=Sick-Rotted_Forest?d=0.9&s=671834&sz=800+
Pos=30534,257.226,56714
Orient=0,0.988134,0,-0.153593
Scale=0.85,0.85,0.85
Flags=1

[ENTRY]
ID=151023042
Asset=Forest?d=0.9&s=671834&sz=800+
Pos=30226.3,188.341,56593
Orient=0,0.448422,0,0.893822
Scale=1.1,1.1,1.1
Flags=1

[ENTRY]
ID=151026480
Asset=Environment-Marker?type=GreatForest
Pos=30285.7,226.116,56841
Orient=0,0,0,1
Scale=7.95,7.95,7.95

