[ENTRY]
ID=151037224
Asset=Manipulator-SpawnPoint
Pos=30120,1179.73,82315
Orient=0,-0.309816,0,0.950797
Scale=1,1,1
links_count=1
link=151037225,1
spawnPackage=9_needleskinJabberCamp
outerRadius=10

[ENTRY]
ID=151037225
Asset=Manipulator#Manipulator-PathNode
Pos=30326.3,1214.28,82351
Orient=0,0,0,1
Scale=1,1,1
links_count=2
link=151037224,1
link=151037226,1

[ENTRY]
ID=151037226
Asset=Manipulator-PathNode
Pos=30430,1240.39,82323
Orient=0,0,0,1
Scale=1,1,1
links_count=1
link=151037225,1

[ENTRY]
ID=151037228
Asset=Manipulator#Manipulator-PathNode
Pos=30154.6,1177.89,82452
Orient=0,0,0,1
Scale=1,1,1
links_count=2
link=151037227,1
link=151037229,1

