[ENTRY]
ID=151013548
Asset=CL-Rotted_Flora7#CL-Rotted_Flora7
Pos=30629.3,309.334,66236
Orient=0,0,0,1
Scale=2.45,2.45,2.45
Flags=1

[ENTRY]
ID=151022304
Asset=Manipulator-SpawnPoint
Pos=30660.1,322.13,66455
Orient=0,0,0,1
Scale=1,1,1
spawnPackage=4_hwo_shroomieCampSouth_34_35
outerRadius=10

[ENTRY]
ID=151023113
Asset=Forest?d=0.9&s=23323&sz=800
Pos=30434.1,304.368,66112.4
Orient=0,0.00659241,0,-0.999978
Scale=1,1,1
Flags=1

