[ENTRY]
ID=151034938
Asset=Prop-Acacia_Tree4
Pos=30359.8,1383.9,87878
Orient=0,-0.0948572,0,0.995491
Scale=0.725,0.725,0.725
Flags=1

[ENTRY]
ID=151039238
Asset=Manipulator#Manipulator-PathNode
Pos=30351,1354.2,88008
Orient=0,0,0,1
Scale=1,1,1
links_count=1
link=151039237,1

[ENTRY]
ID=151039239
Asset=Manipulator-SpawnPoint
Pos=30326.1,1363.11,87972
Orient=0,-0.992713,0,0.120503
Scale=1,1,1
links_count=1
link=151039240,1
spawnPackage=9_wilds_38_39
outerRadius=10

[ENTRY]
ID=151039240
Asset=Manipulator#Manipulator-PathNode
Pos=30151.5,1355.98,88036
Orient=0,0,0,1
Scale=1,1,1
links_count=2
link=151039239,1
link=151039241,1

