[ENTRY]
ID=151032312
Asset=Manipulator-SpawnPoint
Pos=30319.6,321.949,90404
Orient=0,0,0,1
Scale=1,1,1
spawnPackage=5_wilds_36_37
outerRadius=10

[ENTRY]
ID=151032317
Asset=Manipulator-SpawnPoint
Pos=30732.8,290.054,90378.5
Orient=0,0,0,1
Scale=1,1,1
innerRadius=95
spawnPackage=5_wilds_36_37
outerRadius=100

[ENTRY]
ID=151058862
Asset=Basic Desert?d=0.1&s=871817&sz=800%0D%0A
Pos=30555.5,362.651,90544.9
Orient=0,-0.242556,0,0.970137
Scale=1,1,1
Flags=1

