[ENTRY]
ID=151054910
Asset=Par-Waves-1-Emitter
Pos=30660.3,65.3643,52751
Orient=0,0.999625,0,-0.0273886
Scale=3,3,3
Flags=1

