[ENTRY]
ID=151050172
Asset=Manipulator-SpawnPoint
Pos=31011.1,210.756,53189
Orient=0,-0.830498,0,0.557022
Scale=0.925,0.925,0.925
links_count=1
link=151050173,1
spawnPackage=3a_lavaWolfCamp01_general_22_23

