[ENTRY]
ID=151001022
Asset=Dead-Rotted_Forest?d=0.9&s=871237&sz=800
Pos=31217.1,208.944,56764
Orient=0,-0.836899,0,-0.547357
Scale=0.75,0.75,0.75
Flags=1

[ENTRY]
ID=151013401
Asset=CL-Rotted_Flora3#CL-Rotted_Flora3
Pos=31176.6,199.411,56935
Orient=0,0,0,1
Scale=1.55,1.55,1.55
Flags=1

[ENTRY]
ID=151020928
Asset=Manipulator-SpawnPoint
Pos=31131.3,204.137,56889
Orient=0,0,0,1
Scale=1,1,1
innerRadius=95
spawnPackage=4_hwo_wilds_32_33
outerRadius=100

[ENTRY]
ID=151023039
Asset=Environment-Marker?type=GreatForest
Pos=31264.8,267.851,56511
Orient=0,1,0,0.000796854
Scale=3.025,3.025,3.025

