[ENTRY]
ID=151032651
Asset=Manipulator-SpawnPoint
Pos=31483.7,1065.92,85575
Orient=0,0,0,1
Scale=1,1,1
innerRadius=95
spawnPackage=9_wilds_38_39
outerRadius=100

[ENTRY]
ID=151039224
Asset=Manipulator-SpawnPoint
Pos=31162.5,1067.16,86140
Orient=0,-0.356949,0,0.934124
Scale=1,1,1
links_count=1
link=151039225,1
spawnPackage=9_wilds_38_39
outerRadius=10

