[ENTRY]
ID=151022270
Asset=Manipulator-SpawnPoint
Pos=31245.6,186.351,68176
Orient=0,0,0,1
Scale=1,1,1
innerRadius=95
spawnPackage=4_hwo_wilds_34_35
outerRadius=100

[ENTRY]
ID=151022278
Asset=Manipulator-SpawnPoint
Pos=30838.3,231.931,67793
Orient=0,0,0,1
Scale=1,1,1
spawnPackage=4_hwo_wilds_34_35
outerRadius=10

[ENTRY]
ID=151022279
Asset=Manipulator-SpawnPoint
Pos=31181.5,298.536,67599
Orient=0,0,0,1
Scale=1,1,1
spawnPackage=4_hwo_wilds_34_35
outerRadius=10

[ENTRY]
ID=151022286
Asset=Manipulator#Manipulator-PathNode
Pos=30762.6,228.155,67611
Orient=0,0,0,1
Scale=1,1,1
links_count=1
link=151022285,1

[ENTRY]
ID=151023137
Asset=Sick-Rotted_Forest?d=0.9&s=232323&sz=800
Pos=30946.4,-100.818,67829
Orient=0,0.952576,0,-0.3043
Scale=1,1,1
Flags=1

[ENTRY]
ID=151023138
Asset=Sick-Rotted_Forest?d=0.9&s=23323&sz=800
Pos=31161.3,302.547,67501
Orient=0,0.339695,0,-0.940536
Scale=1,1,1
Flags=1

