[ENTRY]
ID=151021550
Asset=Manipulator-SpawnPoint
Pos=30856,244.536,64119
Orient=0,0,0,1
Scale=1,1,1
spawnPackage=4_hwo_wilds_30_31
outerRadius=10

[ENTRY]
ID=151023149
Asset=Forest?d=0.9&s=23323&sz=800
Pos=31244.9,-45.1891,63986
Orient=0,-0.772906,0,-0.634521
Scale=1.575,1.575,1.575
Flags=1

[ENTRY]
ID=151060668
Asset=Manipulator-SpawnPoint
Pos=30789.6,192.313,63755.1
Orient=0,0,0,1
Scale=1,1,1
innerRadius=25
spawnPackage=HOLIDAY_wf09_snowmen_32_33
outerRadius=30

