[ENTRY]
ID=151011434
Asset=Prop-Tree_Platforms#Prop-Tree_Platform_Bridge
Pos=31561.1,779.117,76692
Orient=0.000506013,-0.101202,-0.00497431,0.994853
Scale=1.95,1.95,1.95

[ENTRY]
ID=151058608
Asset=Prop-Cactus#Prop-Cactus1
Pos=31548.8,1152.82,76972.9
Orient=0,0,0,1
Scale=4.025,4.025,4.025
Flags=1

[ENTRY]
ID=151058609
Asset=CL-AridBush4#CL-AridBush4
Pos=31586.8,1168.3,77036.6
Orient=0,0,0,1
Scale=1,1,1
Flags=1

