[ENTRY]
ID=151062140
Asset=CL-Desert#CL-Roadside_Desert1
Pos=32240.8,231.858,71622.8
Orient=0,0.384808,0,0.922997
Scale=1.225,1.225,1.225

[ENTRY]
ID=151062141
Asset=CL-Roadside_Desert1
Pos=32127.2,231.708,71637.7
Orient=-0.00932354,0.466115,-0.0176923,0.884498
Scale=1.15,1.15,1.15

