[ENTRY]
ID=151022266
Asset=Manipulator-SpawnPoint
Pos=31821,160.16,68386
Orient=0,0,0,1
Scale=1,1,1
innerRadius=145
spawnPackage=4_hwo_wilds_34_35
outerRadius=150

[ENTRY]
ID=151023054
Asset=Forest?d=0.9&s=32317&sz=800
Pos=32147.7,257.106,68612
Orient=0,-0.109779,0,0.993956
Scale=1.325,1.325,1.325
Flags=1

