[ENTRY]
ID=151004616
Asset=Arid_Clutter?d=0.9&s=856723&sz=800
Pos=31834.5,1361.4,79879
Orient=0,-0.252245,0,0.967663
Scale=1.875,1.875,1.875
Flags=1

