[ENTRY]
ID=151032598
Asset=Manipulator-SpawnPoint
Pos=31576.6,1212.86,87838
Orient=0,0,0,1
Scale=1,1,1
links_count=1
link=151039219,1
spawnPackage=9_wilds_38_39
outerRadius=10

[ENTRY]
ID=151039219
Asset=Manipulator#Manipulator-PathNode
Pos=32002.5,1211.82,87807
Orient=0.810497,0,0,0.585743
Scale=1,1,1
links_count=1
link=151032598,1

[ENTRY]
ID=151039220
Asset=Manipulator-SpawnPoint
Pos=32026.2,1221.03,87881
Orient=0,0,0,1
Scale=0.925,0.925,0.925
links_count=1
link=151039221,1
spawnPackage=9_wilds_38_39
outerRadius=10

[ENTRY]
ID=151039221
Asset=Manipulator#Manipulator-PathNode
Pos=32171.9,1209.69,87856
Orient=0,0,0,1
Scale=0.925,0.925,0.925
links_count=2
link=151039220,1
link=151039222,1

