[ENTRY]
ID=151004519
Asset=Arid_Clutter?d=0.9&s=877847&sz=800
Pos=31509.5,1214.09,95643
Orient=0,0,0,1
Scale=1,1,1
Flags=1

[ENTRY]
ID=151004522
Asset=Arid_Clutter?d=0.9&s=877547&sz=800
Pos=31967.5,1230.14,95423
Orient=0,-0.999359,0,0.0357887
Scale=1,1,1
Flags=1

[ENTRY]
ID=151032500
Asset=Manipulator-SpawnPoint
Pos=31687.1,1204.39,95642
Orient=0,0,0,1
Scale=1,1,1
innerRadius=95
spawnPackage=9_wilds_37_38
outerRadius=100

[ENTRY]
ID=151032501
Asset=Manipulator-SpawnPoint
Pos=32175,1197.77,95490
Orient=0,0,0,1
Scale=1,1,1
innerRadius=95
spawnPackage=9_wilds_37_38
outerRadius=100

[ENTRY]
ID=151032506
Asset=Manipulator-SpawnPoint
Pos=32072.3,1206.45,95834
Orient=0,0,0,1
Scale=1,1,1
links_count=1
link=151032507,1
spawnPackage=9_wilds_37_38
outerRadius=10

