[ENTRY]
ID=151031538
Asset=Basic Desert?d=0.2&s=871856&sz=800
Pos=32070.3,185.633,72199
Orient=0,0.944672,0,-0.328016
Scale=1,1,1

[ENTRY]
ID=151031541
Asset=Basic Desert?d=0.3&s=8731856&sz=800
Pos=31662.1,217.168,72743
Orient=0,0.281157,0,0.959662
Scale=1,1,1

[ENTRY]
ID=151034109
Asset=Manipulator-SpawnPoint
Pos=31576.5,131.119,72097
Orient=0,0,0,1
Scale=1,1,1
innerRadius=95
spawnPackage=5_wilds_47
outerRadius=100

[ENTRY]
ID=151034111
Asset=Manipulator-SpawnPoint
Pos=31660.8,218.23,72658
Orient=0,0,0,1
Scale=1,1,1
innerRadius=95
spawnPackage=5_wilds_47
outerRadius=100

