[ENTRY]
ID=151004589
Asset=Arid_Clutter?d=0.9&s=877656&sz=800
Pos=32015.7,1254.24,87638
Orient=0,0,0,1
Scale=1,1,1

[ENTRY]
ID=151007093
Asset=Prop-Acacia_Tree#Prop-Acacia_Tree4
Pos=31762.9,1203.57,87034
Orient=0,-0.0948572,0,0.995491
Scale=1.575,1.575,1.575

[ENTRY]
ID=151032599
Asset=Manipulator-SpawnPoint
Pos=31864.4,1188.14,87194
Orient=0,0,0,1
Scale=1,1,1
innerRadius=95
spawnPackage=9_wilds_38_39
outerRadius=100

[ENTRY]
ID=151039222
Asset=Manipulator-PathNode
Pos=32216,1209.69,87710
Orient=0,0,0,1
Scale=0.925,0.925,0.925
links_count=2
link=151039221,1
link=151039223,1

[ENTRY]
ID=151039223
Asset=Manipulator-PathNode
Pos=32055.2,1209.69,87614
Orient=0,0,0,1
Scale=0.925,0.925,0.925
links_count=1
link=151039222,1

