[ENTRY]
ID=151006816
Asset=Mushrooms_Rotted
Pos=32684.1,200.446,59480
Orient=0,0,0,1
Scale=1,1,1
Flags=1

[ENTRY]
ID=151013128
Asset=Manipulator-SpawnPoint
Pos=32376,246.448,59708
Orient=0,0,0,1
Scale=1,1,1
spawnPackage=4_obji_hwc_04_festeringSasparillaPlant
outerRadius=1

[ENTRY]
ID=151013418
Asset=CL-Rotted_Flora1#CL-Rotted_Flora1
Pos=32389.7,168.773,59254
Orient=0,0.535416,0,0.844589
Scale=2.975,2.975,2.975
Flags=1

[ENTRY]
ID=151020922
Asset=Manipulator-SpawnPoint
Pos=32252.2,263.192,59702
Orient=0,0,0,1
Scale=1,1,1
spawnPackage=4_hwo_shroomieCampNorth_32_33
outerRadius=10

[ENTRY]
ID=151022919
Asset=Prop-Giant_Mushroom-Rotted#Prop-Giant_Mushroom-Rotted1
Pos=32312.7,167.414,59342
Orient=-0.175954,0.440918,-0.0370514,0.879351
Scale=3.825,3.825,3.825
Flags=1

