[ENTRY]
ID=150999196
Asset=CL-Rock-Clutter#CL-Rock-Clutter
Pos=32989,210.819,54794
Orient=0,-0.309816,0,0.950796
Scale=1,1,1
Flags=1

[ENTRY]
ID=150999320
Asset=CL-Hills_Tree4#CL-Hills_Tree4
Pos=32311.4,307.196,55200
Orient=0,0,0,1
Scale=1,1,1

[ENTRY]
ID=151050137
Asset=Manipulator-SpawnPoint
Pos=32467.6,227.754,54838
Orient=0,0,0,1
Scale=1,1,1
spawnPackage=3a_lavaWolfCamp01_general_21_22
outerRadius=1

