[ENTRY]
ID=151001210
Asset=Sick-Rotted_Forest?d=0.9&s=34897&sz=800
Pos=32585.7,131.548,64946
Orient=0,-0.972328,0,0.233618
Scale=0.475,0.475,0.475
Flags=1

[ENTRY]
ID=151021980
Asset=Manipulator-SpawnPoint
Pos=32297.8,227.233,64578
Orient=0,0,0,1
Scale=1,1,1
innerRadius=75
spawnPackage=4_hwo_shroomieCampMiddle_30_31
outerRadius=80

