[ENTRY]
ID=151001072
Asset=Sick-Rotted_Forest?d=0.9&s=871817&sz=800
Pos=33339.5,145.71,62302
Orient=0,0.920751,0,0.390152
Scale=0.6,0.6,0.6
Flags=1

[ENTRY]
ID=151014290
Asset=Manipulator-SpawnPoint
Pos=33244.6,149.525,62936
Orient=0,0,0,1
Scale=1,1,1
innerRadius=95
spawnPackage=4_hwo_shroomieCampMiddle_30_31
outerRadius=100

[ENTRY]
ID=151022051
Asset=Manipulator-SpawnPoint
Pos=33047,177.882,62260
Orient=0,0,0,1
Scale=1,1,1
spawnPackage=4_hwo_wilds_30_31
outerRadius=10

