[ENTRY]
ID=151013124
Asset=Manipulator-SpawnPoint
Pos=33352.3,173.626,59091
Orient=0,0,0,1
Scale=1,1,1
spawnPackage=4_obji_hwc_04_festeringSasparillaPlant

[ENTRY]
ID=151019926
Asset=Manipulator-SpawnPoint
Pos=33570.4,198.325,59141
Orient=0,0,0,1
Scale=1,1,1
innerRadius=95
spawnPackage=4_hwo_wilds_32_33
outerRadius=100

[ENTRY]
ID=151019935
Asset=Manipulator-SpawnPoint
Pos=33635.1,149.918,58685.6
Orient=0,0,0,1
Scale=1,1,1
innerRadius=145
spawnPackage=4_hwo_wilds_32_33
outerRadius=150

[ENTRY]
ID=151019950
Asset=Manipulator-SpawnPoint
Pos=33453.9,173.974,58975
Orient=0,0.483807,0,0.875175
Scale=1,1,1
spawnPackage=4_obji_hwc_04_festeringSasparillaPlant

