[ENTRY]
ID=151039565
Asset=Manipulator-SpawnPoint
Pos=33540,1375.4,75920
Orient=0,0,0,1
Scale=1,1,1
innerRadius=95
spawnPackage=9_wilds_37_38
outerRadius=100

[ENTRY]
ID=151058593
Asset=Prop-Boulder_Arid#Prop-Boulder_Arid4
Pos=33545.6,1331.77,75753.9
Orient=-0.26502,0.359877,0.107392,0.888099
Scale=9.675,9.675,9.675
Flags=1

