[ENTRY]
ID=151013125
Asset=Manipulator-SpawnPoint
Pos=33231,131.797,59410
Orient=0,0,0,1
Scale=1,1,1
spawnPackage=4_obji_hwc_04_festeringSasparillaPlant
outerRadius=1

[ENTRY]
ID=151019901
Asset=Manipulator-SpawnPoint
Pos=33211,171.603,59570
Orient=0,0,0,1
Scale=1,1,1
innerRadius=145
spawnPackage=4_hwo_wilds_32_33
outerRadius=150

[ENTRY]
ID=151023103
Asset=Forest?d=0.9&s=156422&sz=900
Pos=33446,212.222,59652
Orient=0,0.496881,0,0.867819
Scale=1.2,1.2,1.2

