[ENTRY]
ID=151006172
Asset=Sick-Rotted_Forest?d=0.9&s=8436&sz=800
Pos=33354,197.238,65409
Orient=0,-0.795602,0,0.60582
Scale=1,1,1
Flags=1

[ENTRY]
ID=151021981
Asset=Manipulator-SpawnPoint
Pos=33557.6,193.968,65269
Orient=0,0,0,1
Scale=1,1,1
spawnPackage=4_hwo_shroomieCampMiddle_30_31
outerRadius=10

[ENTRY]
ID=151022248
Asset=Manipulator-SpawnPoint
Pos=33002.5,236.217,65964
Orient=0,0,0,1
Scale=1,1,1
spawnPackage=4_hwo_wilds_34_35
outerRadius=10

[ENTRY]
ID=151061671
Asset=Prop-Rock3
Pos=33133.5,200.798,65539.6
Orient=0,-0.149438,0,0.988771
Scale=6.3,6.3,6.3

