[ENTRY]
ID=151019915
Asset=Manipulator-SpawnPoint
Pos=34201.1,154.554,58827
Orient=0,0,0,1
Scale=1,1,1
innerRadius=195
spawnPackage=4_hwo_wilds_32_33
outerRadius=200

[ENTRY]
ID=151019953
Asset=Manipulator-SpawnPoint
Pos=33806.7,136.705,58780
Orient=0,0.713864,0,0.700285
Scale=1,1,1
spawnPackage=4_obji_hwc_04_festeringSasparillaPlant
outerRadius=1

[ENTRY]
ID=151060165
Asset=Forest?d=0.9&s=875543&sz=800
Pos=33794.9,190.508,58561.1
Orient=0,0,0,1
Scale=1,1,1

