[ENTRY]
ID=1134426
Asset=Prop-Wooden_Barricade_Sm1
Name=
Pos=33788.1,1189.12,92185
Orient=0,-0.518418,0,0.855127
Scale=2,2,2

[ENTRY]
ID=1134427
Asset=Prop-Fences#Prop-Wooden_Barricade_Sm1_far
Name=
Pos=33750.3,1196.57,91955.8
Orient=0,-0.688921,0,0.724836
Scale=2,2,2

[ENTRY]
ID=151032534
Asset=Manipulator-SpawnPoint
Name=Untitled
Pos=34083.1,1260.15,92019
Orient=0,0,0,1
Scale=1,1,1
spawnPackage=9_wilds_37_38

[ENTRY]
ID=151032538
Asset=Manipulator-SpawnPoint
Name=Untitled
Pos=34010.3,1303.73,91524
Orient=0,0,0,1
Scale=1,1,1
spawnPackage=9_wilds_37_38

