[ENTRY]
ID=151001090
Asset=Dead-Rotted_Forest?d=0.9&s=8718456&sz=800
Pos=34284,229.163,60460
Orient=0,-0.8699,0,0.493228
Scale=1,1,1
Flags=1

[ENTRY]
ID=151020890
Asset=Manipulator-SpawnPoint
Pos=33913.5,234.115,60348
Orient=0,0,0,1
Scale=1,1,1
spawnPackage=4_hwo_wilds_32_33
outerRadius=10

[ENTRY]
ID=151023101
Asset=Sick-Rotted_Forest?d=0.9&s=871336&sz=800
Pos=34486.4,236.722,60580
Orient=0,-0.366273,0,0.930508
Scale=0.725,0.725,0.725

