[ENTRY]
ID=151050049
Asset=Manipulator-SpawnPoint
Pos=33941.1,252.367,54784
Orient=0,0,0,1
Scale=1,1,1
spawnPackage=3a_bearThumperCamp01_thumpers
outerRadius=50

[ENTRY]
ID=151050054
Asset=Manipulator-SpawnPoint
Pos=33843.3,240.323,54785
Orient=0,0,0,1
Scale=1,1,1
spawnPackage=3a_bearThumperCamp01_thumpers
outerRadius=50

[ENTRY]
ID=151050111
Asset=Manipulator-SpawnPoint
Pos=34318,219.197,55147
Orient=0,0,0,1
Scale=1,1,1
spawnPackage=3a_bearThumperCamp01_bears
outerRadius=1

[ENTRY]
ID=151050279
Asset=Manipulator-SpawnPoint
Pos=33940.5,371.779,55094
Orient=0,0.237703,0,0.971338
Scale=1,1,1
spawnPackage=3a_lavaWolfCamp01_general_21_22

