[ENTRY]
ID=151031547
Asset=Basic Desert?d=0.3&s=871856&sz=800
Pos=35154.6,208.748,70853
Orient=0,-0.237703,0,0.971338
Scale=1,1,1

