[ENTRY]
ID=151006120
Asset=Sick-Rotted_Forest?d=0.9&s=8436&sz=800
Pos=34885.3,157.278,64699
Orient=0,-0.470626,0,0.882333
Scale=1.35,1.35,1.35
Flags=1

[ENTRY]
ID=151021985
Asset=Manipulator-SpawnPoint
Pos=34549,194.59,64546
Orient=0,0,0,1
Scale=1,1,1
innerRadius=95
spawnPackage=4_hwo_shroomieCampMiddle_30_31
outerRadius=100

[ENTRY]
ID=151022024
Asset=Manipulator-SpawnPoint
Pos=34539.7,209.943,65121.1
Orient=0,0,0,1
Scale=1,1,1
innerRadius=75
spawnPackage=4_hwo_shroomieCampMiddle_30_31
outerRadius=80

[ENTRY]
ID=151022041
Asset=Manipulator-SpawnPoint
Pos=35154.6,197.235,65153
Orient=0,0,0,1
Scale=1,1,1
innerRadius=95
spawnPackage=4_hwo_wilds_30_31
outerRadius=100

[ENTRY]
ID=151023057
Asset=Dead-Rotted_Forest?d=0.9&s=871817&sz=800
Pos=34868,127.824,64929
Orient=0,0.741295,0,0.671179
Scale=1.075,1.075,1.075
Flags=1

