[ENTRY]
ID=151032757
Asset=Manipulator-SpawnPoint
Pos=34772.2,1299.95,79911
Orient=0,0,0,1
Scale=1,1,1
innerRadius=95
spawnPackage=9_wilds_37_38
outerRadius=100

[ENTRY]
ID=151037137
Asset=Manipulator#Manipulator-PathNode
Pos=34702.2,1312.21,80248
Orient=0,0,0,1
Scale=1,1,1
links_count=2
link=151037136,1
link=151037138,1

[ENTRY]
ID=151039284
Asset=Manipulator-SpawnPoint
Pos=35171.4,1333.4,80161
Orient=0,0,0,1
Scale=1,1,1
innerRadius=95
spawnPackage=9_wilds_37_38
outerRadius=100

[ENTRY]
ID=151039285
Asset=Manipulator-SpawnPoint
Pos=34666.3,1162.39,79523
Orient=0,0,0,1
Scale=1,1,1
links_count=1
link=151039286,1
spawnPackage=9_wilds_37_38
outerRadius=10

[ENTRY]
ID=151058614
Asset=Prop-Acacia_Tree#Prop-Acacia_Tree2
Pos=34722.5,1298.67,79714.5
Orient=0,0.227978,0,0.973666
Scale=0.75,0.75,0.75
Flags=1

[ENTRY]
ID=151058615
Asset=CL-AridBush1#CL-AridBush1
Pos=34696.8,1277.86,79743.6
Orient=0,-0.434966,0,0.900447
Scale=1.825,1.825,1.825
Flags=1

