[ENTRY]
ID=151001113
Asset=Forest?d=0.9&s=871817&sz=800
Pos=34863.1,311.52,59077
Orient=0,-0.366273,0,0.930508
Scale=1.5,1.5,1.5
Flags=1

[ENTRY]
ID=151019916
Asset=Manipulator-SpawnPoint
Pos=34956.5,271.148,58851
Orient=0,0.144492,0,0.989506
Scale=1,1,1
spawnPackage=4_hwo_shroomieShrine_32_33
outerRadius=10

