[ENTRY]
ID=151001176
Asset=Forest?d=0.9&s=662323&sz=800
Pos=34718.2,-96.057,66514
Orient=0,-0.677971,0,0.735088
Scale=1.25,1.25,1.25
Flags=1

[ENTRY]
ID=151022210
Asset=Manipulator-SpawnPoint
Pos=35020.4,269.001,66524
Orient=0,0,0,1
Scale=1,1,1
spawnPackage=4_hwo_wilds_34_35
outerRadius=10

[ENTRY]
ID=151022211
Asset=Manipulator-SpawnPoint
Pos=34630.5,208.808,66370
Orient=0,0,0,1
Scale=1,1,1
innerRadius=65
spawnPackage=4_hwo_wilds_34_35
outerRadius=70

