[ENTRY]
ID=151035119
Asset=Arid_Clutter?d=0.9&s=87817&sz=1200
Pos=34602,1331.19,89488
Orient=0,0.375559,0,0.926799
Scale=1,1,1

[ENTRY]
ID=151039577
Asset=Manipulator-SpawnPoint
Pos=34925,1302.13,89420
Orient=0,0,0,1
Scale=1,1,1
spawnPackage=9_wilds_38_39
outerRadius=10

[ENTRY]
ID=151039578
Asset=Manipulator-SpawnPoint
Pos=34750,1302.13,89650
Orient=0,0,0,1
Scale=1,1,1
links_count=1
link=151039579,1
spawnPackage=9_wilds_38_39
outerRadius=10

[ENTRY]
ID=151039579
Asset=Manipulator#Manipulator-PathNode
Pos=34865,1302.13,89530
Orient=0,0,0,1
Scale=0.95,0.95,0.95
links_count=1
link=151039578,1

