[ENTRY]
ID=150999207
Asset=CL-Rock-Clutter#CL-Rock-Clutter
Pos=34891.8,186.941,55604
Orient=0,0.059964,0,0.998201
Scale=1,1,1

[ENTRY]
ID=151050276
Asset=Manipulator-SpawnPoint
Pos=34848,192.315,55687
Orient=0,0,0,1
Scale=1,1,1
spawnPackage=3a_bearThumperCamp01_bears
outerRadius=1

[ENTRY]
ID=151050277
Asset=Manipulator-SpawnPoint
Pos=34971.5,223.002,56017
Orient=0,0,0,1
Scale=1,1,1
spawnPackage=3a_bearThumperCamp01_bears
outerRadius=1

