[ENTRY]
ID=151039177
Asset=Manipulator-SpawnPoint
Pos=35098.2,1308.4,86036
Orient=0,-0.955101,0,0.296281
Scale=1,1,1
links_count=1
link=151039178,1
spawnPackage=9_ravenousBonepickerCamp
outerRadius=10

[ENTRY]
ID=151039178
Asset=Manipulator#Manipulator-PathNode
Pos=34882.8,1304.93,86116
Orient=0,0,0,1
Scale=1,1,1
links_count=2
link=151039177,1
link=151039179,1

[ENTRY]
ID=151039179
Asset=Manipulator-PathNode
Pos=34736.9,1306.22,86101
Orient=0,0,0,1
Scale=1,1,1
links_count=1
link=151039178,1

