[ENTRY]
ID=151037459
Asset=CL-Crystal4
Pos=35851.4,1220.53,81125
Orient=0.0678471,-0.111468,0.11739,0.984475
Scale=4.75,4.75,4.75

[ENTRY]
ID=151054369
Asset=Par-Waves-1-Emitter
Pos=35581.1,1251.71,81111
Orient=0,-0.290955,0,-0.956737
Scale=2,2,2
Flags=1

