[ENTRY]
ID=151001128
Asset=Sick-Rotted_Forest?d=0.9&s=8436&sz=800
Pos=35696,139.288,64864
Orient=0,-0.29074,0,0.956802
Scale=1.325,1.325,1.325
Flags=1

[ENTRY]
ID=151006137
Asset=Forest?d=0.9&s=232663&sz=800
Pos=35876.4,-53.0186,65149
Orient=0,-0.524044,0,-0.851691
Scale=1,1,1
Flags=1

[ENTRY]
ID=151022039
Asset=Manipulator-SpawnPoint
Pos=35253.4,201.247,64796
Orient=0,0,0,1
Scale=1,1,1
innerRadius=95
spawnPackage=4_hwo_wilds_30_31
outerRadius=100

[ENTRY]
ID=151022042
Asset=Manipulator-SpawnPoint
Pos=35588.6,205.486,65112
Orient=0,0,0,1
Scale=1,1,1
spawnPackage=4_hwo_wilds_30_31
outerRadius=10

[ENTRY]
ID=151022044
Asset=Manipulator-SpawnPoint
Pos=35788.6,266.816,64803
Orient=0,0,0,1
Scale=1,1,1
spawnPackage=4_hwo_wilds_30_31
outerRadius=10

