[ENTRY]
ID=151032814
Asset=Manipulator-SpawnPoint
Pos=35652.9,1193.77,76463
Orient=0,0,0,1
Scale=1,1,1
spawnPackage=9_wilds_37_38
outerRadius=10

[ENTRY]
ID=151032815
Asset=Manipulator-SpawnPoint
Pos=35977.3,1194.65,76266
Orient=0,0,0,1
Scale=1,1,1
spawnPackage=9_wilds_37_38
outerRadius=10

[ENTRY]
ID=151058605
Asset=CL-AridBush4#CL-AridBush4
Pos=35896.5,1200.34,75813.6
Orient=0,0.430458,0,0.902611
Scale=1.575,1.575,1.575
Flags=1

