[ENTRY]
ID=151014359
Asset=CL-Crystal6
Pos=35623.3,1175.99,82944
Orient=-0.044083,0.886702,0.284588,0.361698
Scale=2.5,2.5,2.5

[ENTRY]
ID=151014574
Asset=CL-Crystal2
Pos=35863.4,1170.24,82516
Orient=0.0379598,-0.0125791,-0.314316,0.948476
Scale=7.625,7.625,7.625

