[ENTRY]
ID=151014365
Asset=CL-Crystal8#CL-Crystal8
Pos=35621,1161.42,81815
Orient=0.340661,-0.885949,0.236453,-0.207688
Scale=2.15,2.15,2.15

