[ENTRY]
ID=151031622
Asset=Manipulator-SpawnPoint
Pos=36482.8,185.138,69148
Orient=0,0,0,1
Scale=1,1,1
spawnPackage=5_wilds_33_34
outerRadius=10

[ENTRY]
ID=151031623
Asset=Manipulator-SpawnPoint
Pos=36180,196.048,69296
Orient=0,0,0,1
Scale=1,1,1
spawnPackage=5_wilds_33_34
outerRadius=10

[ENTRY]
ID=151062132
Asset=CL-Desert#CL-Roadside_Desert5
Pos=36649.8,222.893,69486.4
Orient=-0.0504672,0.344012,0.02607,0.937246
Scale=1.3,1.3,1.3

[ENTRY]
ID=151062133
Asset=CL-Roadside_Desert5
Pos=36691.3,227.957,69540.8
Orient=0.0123821,0.949975,0.0793586,-0.301823
Scale=1.3,1.3,1.3

[ENTRY]
ID=151062134
Asset=Prop-Fence_Stone_Desert4#Prop-Fence_Stone_Desert4
Pos=36548.1,252.04,69683.5
Orient=0,0.996457,0,-0.0841042
Scale=1.375,1.375,1.375

