[ENTRY]
ID=151010343
Asset=Forest?d=0.9&s=871816&sz=800
Pos=36366.4,215.452,62118.1
Orient=0,0.522687,0,0.852525
Scale=1.5,1.5,1.5
Flags=1

