[ENTRY]
ID=151002654
Asset=Basic Desert?d=0.2&s=85856&sz=800
Pos=36225.2,243.402,70895
Orient=0,0.692537,0,0.721382
Scale=1,1,1
Flags=1

[ENTRY]
ID=151031658
Asset=Manipulator-SpawnPoint
Pos=36699.5,228.311,70929
Orient=0,0,0,1
Scale=1,1,1
innerRadius=95
spawnPackage=5_wilds_33_34
outerRadius=100

[ENTRY]
ID=151031665
Asset=Manipulator-SpawnPoint
Pos=36150.3,248.19,70764
Orient=0,0,0,1
Scale=1,1,1
innerRadius=85
spawnPackage=5_wilds_33_34
outerRadius=90

