[ENTRY]
ID=151003289
Asset=Basic Desert?d=0.5&s=871856&sz=800
Pos=36286.1,194.319,72592
Orient=0,0.281157,0,0.959662
Scale=1,1,1
Flags=1

[ENTRY]
ID=151031671
Asset=Manipulator-SpawnPoint
Pos=36135.4,237.201,72246
Orient=0,0,0,1
Scale=1,1,1
innerRadius=85
spawnPackage=5_wilds_33_34
outerRadius=90

[ENTRY]
ID=151031673
Asset=Manipulator-SpawnPoint
Pos=36403.4,196.746,72652
Orient=0,0,0,1
Scale=1,1,1
innerRadius=95
spawnPackage=5_wilds_33_34
outerRadius=100

