[ENTRY]
ID=151001117
Asset=Mushrooms_Rotted?d=0.9&s=875617&sz=800
Pos=36334,220.881,63329
Orient=0,-0.963558,0,0.267498
Scale=1.925,1.925,1.925
Flags=1

[ENTRY]
ID=151006159
Asset=Forest?d=0.9&s=871816&sz=800
Pos=36448.6,279.301,63708
Orient=0,-0.285952,0,0.958244
Scale=1.375,1.375,1.375
Flags=1

[ENTRY]
ID=151014317
Asset=Manipulator-SpawnPoint
Pos=36340.3,269.73,63685
Orient=0,0,0,1
Scale=1,1,1
innerRadius=75
spawnPackage=4_hwo_shroomieCampMiddle_30_31
outerRadius=80

[ENTRY]
ID=151022032
Asset=Manipulator-SpawnPoint
Pos=36265,230.442,63193
Orient=0,0,0,1
Scale=1,1,1
spawnPackage=4_hwo_wilds_30_31
outerRadius=10

[ENTRY]
ID=151022133
Asset=Manipulator-SpawnPoint
Pos=36700.4,239.124,63335
Orient=0,0,0,1
Scale=1,1,1
spawnPackage=4_hwo_wilds_30_31
outerRadius=10

