[ENTRY]
ID=151004621
Asset=Arid_Clutter?d=0.9&s=87187&sz=800
Pos=36261.9,1349.92,80279
Orient=0,0,0,1
Scale=1,1,1
Flags=1

[ENTRY]
ID=151032759
Asset=Manipulator-SpawnPoint
Pos=36010.1,1352.64,80273
Orient=0,0,0,1
Scale=1,1,1
innerRadius=95
spawnPackage=9_wilds_37_38
outerRadius=100

[ENTRY]
ID=151037460
Asset=CL-Crystal1
Pos=36029.4,1260.03,80801
Orient=0,0,0,1
Scale=1.7,1.7,1.7

[ENTRY]
ID=151037462
Asset=CL-Crystal10
Pos=36272.5,1340.39,80507
Orient=0.24627,0.574737,0.0236645,0.780044
Scale=1.625,1.625,1.625

