[ENTRY]
ID=151006136
Asset=Forest?d=0.9&s=846733&sz=800
Pos=36528.6,106.677,65345
Orient=0,0.42141,0,0.90687
Scale=1.15,1.15,1.15
Flags=1

[ENTRY]
ID=151014307
Asset=Manipulator-SpawnPoint
Pos=36647.8,239.736,65254
Orient=0,0.75128,0,0.659983
Scale=1,1,1
spawnPackage=4_hwo_shroomieCampMiddle_30_31
outerRadius=1

[ENTRY]
ID=151022043
Asset=Manipulator-SpawnPoint
Pos=36041.9,237.694,65319
Orient=0,0,0,1
Scale=1,1,1
spawnPackage=4_hwo_wilds_30_31
outerRadius=10

