[ENTRY]
ID=151014573
Asset=CL-Crystal7
Pos=37057.1,724.018,82176
Orient=-0.224911,0.96057,0.105308,-0.125026
Scale=4.425,4.425,4.425

