[ENTRY]
ID=151031616
Asset=Manipulator-SpawnPoint
Pos=37216.1,190.041,68641
Orient=0,0,0,1
Scale=1,1,1
innerRadius=75
spawnPackage=5_wilds_33_34
outerRadius=80

[ENTRY]
ID=151031618
Asset=Manipulator-SpawnPoint
Pos=36802.4,214.959,68942
Orient=0,0,0,1
Scale=1,1,1
spawnPackage=5_wilds_33_34
outerRadius=10

[ENTRY]
ID=151062130
Asset=CL-Desert#CL-Roadside_Desert4
Pos=37364.5,223.118,68931.1
Orient=-0.0507254,0.353367,0.025564,0.933759
Scale=1.3,1.3,1.3

