[ENTRY]
ID=151037457
Asset=CL-Crystal7
Pos=36801.2,1329.33,80618
Orient=-0.320338,0.752312,0.0132819,0.57553
Scale=2.65,2.65,2.65

[ENTRY]
ID=151037464
Asset=CL-Crystal8
Pos=36851.3,1298.52,80908
Orient=0.575656,-0.542856,-0.499616,0.352578
Scale=1,1,1

