[ENTRY]
ID=151050092
Asset=Manipulator-SpawnPoint
Pos=37839.2,312.957,51685
Orient=0,-0.990327,0,-0.138754
Scale=1,1,1
links_count=1
link=151050093,1
spawnPackage=3a_bearThumperCamp01_bears

[ENTRY]
ID=151054847
Asset=Par-Waves-1-Emitter
Pos=37502.4,60.8615,51103
Orient=0,0.999845,0,0.01761
Scale=2.5,2.5,2.5
Flags=1

