[ENTRY]
ID=151050023
Asset=Manipulator-SpawnPoint
Pos=38081.3,299.211,48235
Orient=0,-0.628793,0,0.777573
Scale=1,1,1
links_count=1
link=151050024,1
spawnPackage=3a_bearThumperCamp01_bears

[ENTRY]
ID=151050024
Asset=Manipulator#Manipulator-PathNode
Pos=38091,332.574,48562
Orient=0,0,0,1
Scale=1,1,1
links_count=1
link=151050023,1

[ENTRY]
ID=151054830
Asset=Par-Waves-1-Emitter
Pos=37617.7,70.083,48029.5
Orient=0,0.941955,0,-0.335739
Scale=2,2,2

