[ENTRY]
ID=151035353
Asset=Arid_Clutter?d=0.9&s=856778&sz=800
Pos=37616.9,1245.86,78841
Orient=0,-0.252245,0,0.967663
Scale=1,1,1

