[ENTRY]
ID=151014571
Asset=CL-Crystal4
Pos=37541.5,1317.28,80784
Orient=0.20456,-0.0939965,0.131796,0.965375
Scale=5.275,5.275,5.275

