[ENTRY]
ID=151022126
Asset=Manipulator-SpawnPoint
Pos=38219.9,220.296,62168
Orient=0,0,0,1
Scale=1,1,1
innerRadius=65
spawnPackage=4_hwo_wilds_30_31
outerRadius=70

[ENTRY]
ID=151022129
Asset=Manipulator-SpawnPoint
Pos=37822.7,226.869,62048
Orient=0,0,0,1
Scale=1,1,1
spawnPackage=4_hwo_wilds_30_31
outerRadius=10

[ENTRY]
ID=151022726
Asset=Forest?d=0.9&s=871817&sz=800
Pos=37570.8,231.032,61571
Orient=0,-0.933839,0,0.357693
Scale=1.1,1.1,1.1
Flags=1

