[ENTRY]
ID=151002628
Asset=Basic Desert?d=0.2&s=871817&sz=800
Pos=37602.2,233.46,70477
Orient=0,0.475032,0,0.879969
Scale=1,1,1
Flags=1

[ENTRY]
ID=151031645
Asset=Manipulator-SpawnPoint
Pos=37955.3,241.515,70148
Orient=0,0,0,1
Scale=1,1,1
innerRadius=95
spawnPackage=5_wilds_33_34
outerRadius=100

[ENTRY]
ID=151058420
Asset=Basic Desert?d=0.2&s=834817&sz=800
Pos=38194.7,230.304,69779
Orient=0,0.398609,0,0.917121
Scale=1,1,1

