[ENTRY]
ID=151006143
Asset=Forest?d=0.9&s=231457&sz=800
Pos=38172.5,294.488,64857
Orient=0,0.914795,0,0.403918
Scale=1.175,1.175,1.175
Flags=1

[ENTRY]
ID=151014348
Asset=Manipulator-SpawnPoint
Pos=37833.4,244.414,64758
Orient=0,0,0,1
Scale=1,1,1
spawnPackage=4_obji_hwc_03_rottingPustule
outerRadius=1

[ENTRY]
ID=151022137
Asset=Manipulator-SpawnPoint
Pos=37705,229.259,64624
Orient=0,0,0,1
Scale=1,1,1
spawnPackage=4_hwo_wilds_30_31
outerRadius=10

