[ENTRY]
ID=151006212
Asset=Forest?d=0.9&s=231427&sz=800
Pos=38975.8,309.765,64515
Orient=0,0.717356,0,0.696706
Scale=0.95,0.95,0.95
Flags=1

