[ENTRY]
ID=151050021
Asset=Manipulator-SpawnPoint
Pos=38364.8,274.773,51200
Orient=0,0,0,1
Scale=1,1,1
spawnPackage=3a_bearCamp01_general
outerRadius=1

[ENTRY]
ID=151050022
Asset=Manipulator-SpawnPoint
Pos=38272.3,284.751,51543
Orient=0,0,0,1
Scale=1,1,1
spawnPackage=3a_bearCamp01_general
outerRadius=1

[ENTRY]
ID=151053359
Asset=Manipulator-SpawnPoint
Pos=38969.7,263.524,51199
Orient=0,0.276356,0,0.961055
Scale=1,1,1
links_count=1
link=151053360,1
spawnPackage=3a_unikornCamp01_general

