[ENTRY]
ID=151023076
Asset=Prop-Bush-Large2#Prop-Bush-Large2
Pos=38729.5,238.363,60359
Orient=0,-0.958016,0,0.286715
Scale=3.175,3.175,3.175
Flags=1

[ENTRY]
ID=151048121
Asset=Forest?d=0.9&s=231457&sz=800
Pos=38796,276.615,60667.2
Orient=0,0.930216,0,0.367013
Scale=1.325,1.325,1.325
Flags=1

[ENTRY]
ID=151059783
Asset=Prop-Bridge2
Pos=38991.2,240.476,60073
Orient=0,-0.164252,0,0.986418
Scale=2.5,2.5,2.5

