[ENTRY]
ID=151050012
Asset=Manipulator-SpawnPoint
Pos=38430.7,288.652,49734
Orient=0,0,0,1
Scale=1,1,1
spawnPackage=3a_bearCamp01_general
outerRadius=1

[ENTRY]
ID=151050018
Asset=Manipulator-SpawnPoint
Pos=38518.6,307.59,50085
Orient=0,-0.00999983,0,0.99995
Scale=1,1,1
spawnPackage=3a_bearCamp01_general
outerRadius=1

