[ENTRY]
ID=151053325
Asset=Manipulator-SpawnPoint
Pos=38899.7,237.102,53296
Orient=0,0,0,1
Scale=1,1,1
spawnPackage=3a_unikornCamp01_general
outerRadius=10

[ENTRY]
ID=151053337
Asset=Manipulator-PathNode
Pos=38851.1,217.476,53959
Orient=0,0,0,1
Scale=1,1,1
links_count=2
link=151053334,1
link=151053336,1

[ENTRY]
ID=151059281
Asset=Prop-Forest_Tree2
Pos=38273.7,255.095,53638.6
Orient=0,-0.810497,0,0.585743
Scale=1,1,1

