[ENTRY]
ID=151050986
Asset=Manipulator-SpawnPoint
Pos=38778.5,320.02,56518
Orient=0,0.585097,0,0.810963
Scale=0.875,0.875,0.875
links_count=1
link=151050987,1
spawnPackage=3a_goliathcamps01_21_22

[ENTRY]
ID=151050987
Asset=Manipulator#Manipulator-PathNode
Pos=38779.8,234.373,56254
Orient=0,0,0,1
Scale=0.975,0.975,0.975
links_count=2
link=151050986,1
link=151050988,1

