[ENTRY]
ID=151000493
Asset=CL-Hills_Tree3
Pos=39240.8,378.224,47813
Orient=-0.0969929,-0.0918694,-0.0342273,0.990445
Scale=1.775,1.775,1.775
Flags=1

[ENTRY]
ID=151001485
Asset=Prop-Wooden_Tower
Pos=39468.3,208.48,47697
Orient=0,0.984865,0,-0.173324
Scale=2.45,2.45,2.45
Flags=1

[ENTRY]
ID=151001486
Asset=Prop-Wooden_Wall
Pos=39639.2,248.243,47676
Orient=0,-0.0333989,0,-0.999442
Scale=1.6,1.6,1.6
Flags=1

