[ENTRY]
ID=151002631
Asset=Basic Desert?d=0.2&s=871817&sz=800
Pos=39203.6,265.011,70598
Orient=0,0.305059,0,0.952333
Scale=1,1,1
Flags=1

[ENTRY]
ID=151031638
Asset=Manipulator-SpawnPoint
Pos=39360.8,249.474,70726
Orient=0,0,0,1
Scale=1,1,1
innerRadius=95
spawnPackage=5_wilds_33_34
outerRadius=100

[ENTRY]
ID=151031653
Asset=Manipulator-SpawnPoint
Pos=39113.7,277.791,71134
Orient=0,0,0,1
Scale=1,1,1
innerRadius=95
spawnPackage=5_wilds_33_34
outerRadius=100

