[ENTRY]
ID=151022100
Asset=Manipulator-SpawnPoint
Pos=39102.2,224.907,63420
Orient=0,0,0,1
Scale=1,1,1
spawnPackage=4_hwo_wilds_30_31
outerRadius=10

[ENTRY]
ID=151022117
Asset=Manipulator-SpawnPoint
Pos=39511,178.103,63641
Orient=0,0,0,1
Scale=1,1,1
spawnPackage=4_hwo_wilds_30_31
outerRadius=10

[ENTRY]
ID=151023061
Asset=Forest?d=0.9&s=231457&sz=800
Pos=39009.1,301.814,63562
Orient=0,0.976806,0,0.214126
Scale=1.45,1.45,1.45
Flags=1

