[ENTRY]
ID=151054374
Asset=Par-Waves-1-Emitter
Pos=39218.1,1265.75,81512
Orient=0,-0.0409126,0,0.999163
Scale=2.5,2.5,2.5
Flags=1

[ENTRY]
ID=151054403
Asset=Par-Waves-1-Emitter
Pos=39608.3,1265.81,81609
Orient=0,0.370299,0,-0.928913
Scale=2,2,2
Flags=1

