[ENTRY]
ID=151006140
Asset=Forest?d=0.9&s=231457&sz=800
Pos=39143.6,215.451,64942
Orient=0,0.928369,0,0.37166
Scale=1.025,1.025,1.025
Flags=1

[ENTRY]
ID=151022110
Asset=Manipulator-SpawnPoint
Pos=39631,211.742,64826
Orient=0,0,0,1
Scale=1,1,1
spawnPackage=4_hwo_wilds_30_31
outerRadius=10

[ENTRY]
ID=151022111
Asset=Manipulator-SpawnPoint
Pos=39042.5,236.248,64736
Orient=0,0,0,1
Scale=1,1,1
spawnPackage=4_hwo_wilds_30_31
outerRadius=10

