[ENTRY]
ID=150999241
Asset=CL-Plains_Bush2#CL-Plains_Bush2
Pos=39868.4,163.474,57298
Orient=0,0.0199987,0,0.9998
Scale=1,1,1
Flags=1

[ENTRY]
ID=151050962
Asset=Manipulator-SpawnPoint
Pos=40072.7,204.089,57087
Orient=0,0,0,1
Scale=1,1,1
spawnPackage=3a_goliathcamps01_20_21
outerRadius=30

[ENTRY]
ID=151050963
Asset=Manipulator-SpawnPoint
Pos=39814.8,224.758,57023
Orient=0,0.978899,0,0.204347
Scale=1,1,1
links_count=1
link=151050964,1
spawnPackage=3a_goliathcamps01_20_21

