[ENTRY]
ID=151006334
Asset=Sick-Rotted_Forest?d=0.9&s=231457&sz=800
Pos=39888.7,304.753,66782
Orient=0,-0.518418,0,0.855127
Scale=0.625,0.625,0.625
Flags=1

