[ENTRY]
ID=151009637
Asset=Forest?d=0.9&s=231457&sz=800
Pos=39974.8,220.962,63458
Orient=0,-0.266732,0,0.963771
Scale=1.15,1.15,1.15
Flags=1

[ENTRY]
ID=151022082
Asset=Manipulator-SpawnPoint
Pos=39862.1,187.907,63230
Orient=0,0,0,1
Scale=1,1,1
innerRadius=95
spawnPackage=4_hwo_wilds_30_31
outerRadius=100

[ENTRY]
ID=151022107
Asset=Manipulator-SpawnPoint
Pos=40274,220.874,63631
Orient=0,0,0,1
Scale=1,1,1
spawnPackage=4_hwo_wilds_30_31
outerRadius=10

