[ENTRY]
ID=151031629
Asset=Manipulator-SpawnPoint
Pos=40438.3,203.925,70609
Orient=0,0,0,1
Scale=1,1,1
innerRadius=85
spawnPackage=5_wilds_33_34
outerRadius=90

[ENTRY]
ID=151031631
Asset=Manipulator-SpawnPoint
Pos=39913.7,209.235,70512
Orient=0,0,0,1
Scale=1,1,1
innerRadius=95
spawnPackage=5_wilds_33_34
outerRadius=100

[ENTRY]
ID=151031637
Asset=Manipulator-SpawnPoint
Pos=39807.3,236.328,70925
Orient=0,0,0,1
Scale=1,1,1
innerRadius=95
spawnPackage=5_wilds_33_34
outerRadius=100

[ENTRY]
ID=151031654
Asset=Manipulator-SpawnPoint
Pos=40248.5,216.052,70979
Orient=0,0,0,1
Scale=1,1,1
spawnPackage=5_wilds_33_34
outerRadius=10

[ENTRY]
ID=151059723
Asset=Manipulator-PathNode
Pos=39967.9,221.345,70889.7
Orient=0,-0.91071,0,0.413046
Scale=1,1,1
links_count=2
link=151059722,1
link=151059724,1

