[ENTRY]
ID=151022109
Asset=Manipulator-SpawnPoint
Pos=40038.1,241.611,64542
Orient=0,0,0,1
Scale=1,1,1
innerRadius=65
spawnPackage=4_hwo_wilds_30_31
outerRadius=70

[ENTRY]
ID=151023062
Asset=Forest?d=0.9&s=871317&sz=800
Pos=40312.5,187.567,64909
Orient=0,0.430458,0,0.902611
Scale=1.125,1.125,1.125
Flags=1

