[ENTRY]
ID=151009634
Asset=Forest?d=0.9&s=231457&sz=800
Pos=40633.7,271.684,63682
Orient=0,0.636538,0,0.771246
Scale=1.375,1.375,1.375
Flags=1

