[ENTRY]
ID=151009633
Asset=Forest?d=0.9&s=871817&sz=800
Pos=40950,161.809,64366
Orient=0,-0.852108,0,0.523366
Scale=0.875,0.875,0.875
Flags=1

[ENTRY]
ID=151023990
Asset=Manipulator-SpawnPoint
Pos=41000.1,224.361,64087
Orient=0,0,0,1
Scale=1,1,1
innerRadius=145
spawnPackage=4_hwo_wilds_30_31
outerRadius=150

