[ENTRY]
ID=151001493
Asset=CL-Wooden_Fence1
Pos=40502.4,255.398,49514
Orient=0,-0.986287,0,0.165037
Scale=1.025,1.025,1.025
Flags=1

[ENTRY]
ID=151050795
Asset=Manipulator-SpawnPoint
Pos=40800,191.447,49831
Orient=0,0,0,1
Scale=1,1,1
spawnPackage=3a_hedgeDeerRocCamp01_general
outerRadius=1

[ENTRY]
ID=151050796
Asset=Manipulator-SpawnPoint
Pos=41189.5,230.488,49910
Orient=0,0,0,1
Scale=1,1,1
spawnPackage=3a_hedgeDeerRocCamp01_general
outerRadius=1

