[ENTRY]
ID=10000382
Asset=Manipulator-SpawnPoint
Pos=40669,1341,77641
Orient=0,0,0,1
Scale=1,1,1
Facing=44
sceneryName=generated_spawn
spawnPackage=z9_eur_gen_Spidermane_Darkstalker_905

[ENTRY]
ID=151037315
Asset=Prop-Acacia_Tree#Prop-Acacia_Tree3
Pos=40636.4,1344.62,77577
Orient=0,-0.973847,0,-0.227203
Scale=1,1,1
Flags=1

