[ENTRY]
ID=151034276
Asset=Prop-Acacia_Tree3
Pos=41769.9,2427.63,80194
Orient=-0.0139857,0.827569,-0.00661119,0.561151
Scale=1.05,1.05,1.05

[ENTRY]
ID=151034277
Asset=Prop-Acacia_Tree#Prop-Acacia_Tree2
Pos=41357.1,2146.42,79556
Orient=0.00670576,0.82766,0.00741819,0.561141
Scale=1.125,1.125,1.125

