[ENTRY]
ID=151009657
Asset=CL-Hills_Bush5#CL-Hills_Bush5
Pos=41608.2,270.834,64579
Orient=0,0,0,1
Scale=2.125,2.125,2.125
Flags=1

[ENTRY]
ID=151009658
Asset=CL-Hills_Bush6#CL-Hills_Bush6
Pos=41625.4,266.389,64566
Orient=0,0,0,1
Scale=1,1,1
Flags=1

[ENTRY]
ID=151009674
Asset=CL-Boulder4
Pos=41382.4,308.352,64827
Orient=0,-0.425939,0,0.904752
Scale=1,1,1
Flags=1

[ENTRY]
ID=151018420
Asset=Prop-Boulder5
Pos=41870.5,455.035,65246
Orient=0,0,0,1
Scale=3.175,3.175,3.175
Flags=1

[ENTRY]
ID=151023850
Asset=Manipulator-PathNode
Pos=41341.2,680.159,65223
Orient=0,0,0,1
Scale=1,1,1
links_count=2
link=151023851,1
link=151023855,1

