[ENTRY]
ID=151002004
Asset=Happy Flowers?d=0.2&s=123422&sz=200
Pos=41290.7,191.334,51739
Orient=0,-0.953608,0,0.301052
Scale=2,2,2
Flags=1

[ENTRY]
ID=151009863
Asset=Manipulator-SpawnPoint
Pos=41903.8,190.682,51718
Orient=0,-0.996738,0,0.0807084
Scale=1,1,1
links_count=1
link=151053374,1
spawnPackage=3_obji_bg_01_twistedGrowth

[ENTRY]
ID=151053207
Asset=Manipulator-SpawnPoint
Pos=41952.8,203.303,51166
Orient=0,0,0,1
Scale=1,1,1
spawnPackage=3a_unikornCamp01_general
outerRadius=10

[ENTRY]
ID=151053374
Asset=Manipulator#Manipulator-PathNode
Pos=41668.8,172.135,51727
Orient=0,0,0,1
Scale=1,1,1
links_count=2
link=151009863,1
link=151053375,1

[ENTRY]
ID=151053375
Asset=Manipulator-PathNode
Pos=41522.7,171.223,51747
Orient=0,0,0,1
Scale=1,1,1
links_count=1
link=151053374,1

