[ENTRY]
ID=151054800
Asset=Effects#Par-Waves-1-Emitter
Pos=42656.5,60.8481,47246
Orient=0,-0.950549,0,0.310574
Scale=1.4,1.4,1.4
Flags=1

