[ENTRY]
ID=150999826
Asset=Forest?d=0.9&s=871567&sz=800
Pos=42081.5,331.312,50076
Orient=0,-0.912764,0,0.408487
Scale=1,1,1
Flags=1

[ENTRY]
ID=151050812
Asset=Manipulator-SpawnPoint
Pos=42685.5,213.687,49603
Orient=0,0,0,1
Scale=1,1,1
spawnPackage=3a_hedgeDeerRocCamp01_general
outerRadius=1

[ENTRY]
ID=151053368
Asset=Manipulator-SpawnPoint
Pos=42296.4,237.732,49762
Orient=0,0,0,1
Scale=1,1,1
spawnPackage=3a_unikornCamp01_general
outerRadius=10

