[ENTRY]
ID=151009669
Asset=Forest?d=0.5&s=871817&sz=800
Pos=42105.1,111.806,64239
Orient=0,-0.988652,0,0.150225
Scale=1.125,1.125,1.125
Flags=1

[ENTRY]
ID=151018500
Asset=Forest?d=0.5&s=871817&sz=800
Pos=42222.3,-107.381,64398
Orient=0,0.593178,0,0.805072
Scale=1.025,1.025,1.025
Flags=1

