[ENTRY]
ID=151050926
Asset=Manipulator-SpawnPoint
Pos=42672.8,381.194,54515
Orient=0,0,0,1
Scale=1,1,1
spawnPackage=3a_hedgeDeerRocCamp01_general
outerRadius=1

[ENTRY]
ID=151050983
Asset=Manipulator-PathNode
Pos=42451.5,337.423,54636
Orient=0,0,0,1
Scale=1,1,1
links_count=1
link=151050982,1

[ENTRY]
ID=151053265
Asset=Manipulator-SpawnPoint
Pos=42170,183.352,54642
Orient=0,0.670587,0,0.741831
Scale=1,1,1
links_count=1
link=151053266,1
spawnPackage=3a_unikornCamp01_general

[ENTRY]
ID=151053266
Asset=Manipulator#Manipulator-PathNode
Pos=42255.3,249.39,54257
Orient=0,0,0,1
Scale=1,1,1
links_count=1
link=151053265,1

