[ENTRY]
ID=150999267
Asset=CL-Hills_Tree3#CL-Hills_Tree3
Pos=43195.2,621.266,56426
Orient=0,0.398609,0,0.917121
Scale=1,1,1
Flags=1

[ENTRY]
ID=151050518
Asset=Manipulator-SpawnPoint
Pos=43013.6,432.932,56746
Orient=0,0,0,1
Scale=1,1,1
spawnPackage=3a_bearHedgehogCamp01_hedgehogs
outerRadius=30

[ENTRY]
ID=151050519
Asset=Manipulator-SpawnPoint
Pos=42965.5,415.831,56825
Orient=0,0,0,1
Scale=1,1,1
spawnPackage=3a_bearHedgehogCamp01_hedgehogs
outerRadius=30

[ENTRY]
ID=151050520
Asset=Manipulator-SpawnPoint
Pos=43212.1,612.277,56346
Orient=0,0,0,1
Scale=1,1,1
spawnPackage=3a_bearHedgehogCamp01_hedgehogs
outerRadius=30

