[ENTRY]
ID=151010348
Asset=Sick-Rotted_Forest?d=0.9&s=231567&sz=800
Pos=43465,167.185,68774
Orient=0,-0.518418,0,0.855127
Scale=1.15,1.15,1.15

[ENTRY]
ID=151024161
Asset=Manipulator-SpawnPoint
Pos=42962.1,258.141,68604
Orient=0,0,0,1
Scale=1,1,1
innerRadius=65
spawnPackage=10_bxb_wilds_38_40
outerRadius=70

[ENTRY]
ID=151024164
Asset=Manipulator-SpawnPoint
Pos=43329,115.999,68643
Orient=0,0,0,1
Scale=1,1,1
spawnPackage=10_bxb_wilds_38_40
outerRadius=10

