[ENTRY]
ID=151050882
Asset=Manipulator-SpawnPoint
Pos=43399.5,395.846,51633
Orient=0,0,0,1
Scale=1,1,1
spawnPackage=3a_hedgeDeerRocCamp01_general
outerRadius=1

[ENTRY]
ID=151053213
Asset=Manipulator-SpawnPoint
Pos=43087.4,423.852,51299
Orient=0,0,0,1
Scale=1,1,1
spawnPackage=3a_unikornCamp01_general
outerRadius=10

[ENTRY]
ID=151053214
Asset=Manipulator-SpawnPoint
Pos=43309.8,436.932,51078
Orient=0,0.844162,0,0.536088
Scale=1,1,1
spawnPackage=3a_unikornCamp01_general
outerRadius=1

[ENTRY]
ID=151053220
Asset=Manipulator-PathNode
Pos=42881.6,455.267,51100
Orient=0,0,0,1
Scale=1,1,1
links_count=1
link=151053219,1

