[ENTRY]
ID=151025270
Asset=Prop-Giant_Mushroom#Prop-Giant_Mushroom-Glowing1
Pos=43195.3,300.823,72587.2
Orient=0.0745901,-0.402739,-0.255764,-0.875684
Scale=1.425,1.425,1.425
Flags=1

[ENTRY]
ID=151025271
Asset=Prop-Giant_Mushroom-Glowing1
Pos=43359.7,298.649,72725.1
Orient=0.086429,0.994364,0.0203377,0.0579427
Scale=1.7,1.7,1.7
Flags=1

[ENTRY]
ID=151059613
Asset=Prop-Giant_Mushroom-Glowing1
Pos=43257.3,271.361,72651.6
Orient=-0.11571,-0.453476,-0.135426,-0.873287
Scale=2.125,2.125,2.125
Flags=1

[ENTRY]
ID=151059631
Asset=CL-Dead-Rotted_Forest4
Pos=43466.8,345.714,72590.2
Orient=-0.0649542,0,0,0.997888
Scale=0.65,0.65,0.65

