[ENTRY]
ID=151011906
Asset=CL-Skrill_Mound
Pos=43024.3,2129.76,81771
Orient=0,0,0,1
Scale=1.5,1.5,1.5
Flags=1

[ENTRY]
ID=151011968
Asset=Prop-Boulder_Arid6
Pos=43337.5,2119.32,81821
Orient=0,-0.66687,0,0.745174
Scale=5.975,5.975,5.975
Flags=1

[ENTRY]
ID=151011970
Asset=Prop-Boulder_Arid2
Pos=43064.3,2161.38,81941
Orient=0,-0.124675,0,0.992198
Scale=4,4,4
Flags=1

[ENTRY]
ID=151012009
Asset=CL-AridBush4#CL-AridBush4
Pos=43209.4,2163.84,81810
Orient=0,0,0,1
Scale=2.225,2.225,2.225
Flags=1

