[ENTRY]
ID=151050292
Asset=Manipulator-SpawnPoint
Pos=43418,279.391,47678
Orient=0,0,0,1
Scale=1,1,1
spawnPackage=3a_bearThumperCamp01_thumpers
outerRadius=30

[ENTRY]
ID=151050293
Asset=Manipulator-SpawnPoint
Pos=43472.7,288.545,47578
Orient=0,0,0,1
Scale=1,1,1
spawnPackage=3a_bearThumperCamp01_thumpers
outerRadius=30

[ENTRY]
ID=151050335
Asset=Manipulator-SpawnPoint
Pos=42944.3,151.041,47840
Orient=0,0,0,1
Scale=1,1,1
spawnPackage=3a_deerCamp01_general
outerRadius=1

[ENTRY]
ID=151054799
Asset=Effects#Par-Waves-1-Emitter
Pos=42980,70.147,47264
Orient=0,-0.990327,0,-0.138754
Scale=1,1,1
Flags=1

