[ENTRY]
ID=151050578
Asset=Manipulator-SpawnPoint
Pos=43870.9,456.243,58957
Orient=0,0,0,1
Scale=1,1,1
spawnPackage=3a_bearHedgehogCamp01_hedgehogs
outerRadius=30

[ENTRY]
ID=151050579
Asset=Manipulator-SpawnPoint
Pos=43723.8,417.872,59180
Orient=0,0,0,1
Scale=1,1,1
spawnPackage=3a_bearHedgehogCamp01_hedgehogs
outerRadius=30

[ENTRY]
ID=151050686
Asset=Manipulator-SpawnPoint
Pos=43626.6,500.192,58899
Orient=0,-0.710353,0,0.703845
Scale=1,1,1
links_count=1
link=151050688,1
spawnPackage=3a_bearHedgehogCamp01_bears

[ENTRY]
ID=151050688
Asset=Manipulator#Manipulator-PathNode
Pos=43553.2,453.682,59081
Orient=0,0,0,1
Scale=1,1,1
links_count=2
link=151050686,1
link=151050689,1

[ENTRY]
ID=151050689
Asset=Manipulator-PathNode
Pos=43569.5,435.016,59236
Orient=0,0,0,1
Scale=1,1,1
links_count=1
link=151050688,1

