[ENTRY]
ID=150999252
Asset=CL-Plains_Bush2#CL-Plains_Bush2
Name=Untitled
Pos=44082.4,237.831,62540
Orient=0,0.767543,0,0.640997
Scale=1,1,1

[ENTRY]
ID=151050546
Asset=Manipulator-SpawnPoint
Name=Untitled
Pos=44108.2,240.541,62594
Orient=0,0,0,1
Scale=1,1,1
spawnPackage=3a_bearHedgehogCamp01_hedgehogs

[ENTRY]
ID=151050547
Asset=Manipulator-SpawnPoint
Name=Untitled
Pos=44098.5,241.682,62457
Orient=0,0,0,1
Scale=1,1,1
spawnPackage=3a_bearHedgehogCamp01_hedgehogs

[ENTRY]
ID=151050669
Asset=Manipulator-SpawnPoint
Name=Untitled
Pos=43769.4,256.953,62364
Orient=0,0,0,1
Scale=1,1,1
spawnPackage=3a_bearHedgehogCamp01_bears

[ENTRY]
ID=151056249
Asset=Manipulator-PathNode
Name=Untitled
Pos=43953,218.777,62912
Orient=0,0,0,1
Scale=1.525,1.525,1.525
links_count=3
link=151056248,1
link=151056250,1

