[ENTRY]
ID=151023063
Asset=Sick-Rotted_Forest?d=0.9&s=261437&sz=800
Pos=43714.6,236.294,64280
Orient=0,0.918788,0,0.394751
Scale=1.425,1.425,1.425
Flags=1

