[ENTRY]
ID=151002134
Asset=CL-Plains_Bush2
Pos=44899.4,433.882,56646
Orient=0,0.0199987,0,0.9998
Scale=1,1,1
Flags=1

[ENTRY]
ID=151051052
Asset=Manipulator-SpawnPoint
Pos=44774,299.046,56365
Orient=0,0,0,1
Scale=1,1,1
spawnPackage=3a_goliathcamps01_22_23
outerRadius=20

[ENTRY]
ID=151051063
Asset=Manipulator-SpawnPoint
Pos=44680.5,367.315,56773
Orient=0,-0.0499792,0,0.99875
Scale=1,1,1
spawnPackage=3a_goliathcamps01_22_23
outerRadius=30

[ENTRY]
ID=151059865
Asset=Manipulator-SpawnPoint
Pos=44760.1,287.706,56303.8
Orient=0,0,0,1
Scale=0.475,0.475,0.475
spawnPackage=3a_obji_lt09_graniteRoot
outerRadius=50

