[ENTRY]
ID=151015997
Asset=Sick-Rotted_Forest?d=0.9&s=8318567&sz=800
Pos=44642.5,399.218,73073
Orient=0,-0.885046,0,-0.465504
Scale=1.9,1.9,1.9
Flags=1

[ENTRY]
ID=151024356
Asset=Manipulator-SpawnPoint
Pos=44564.2,356.375,72969.4
Orient=0,0,0,1
Scale=1,1,1
links_count=1
link=151024357,1
spawnPackage=10_bxb_wilds_38_40
outerRadius=10

[ENTRY]
ID=151024404
Asset=Manipulator-SpawnPoint
Pos=44823,369.635,73484
Orient=0,0,0,1
Scale=1,1,1
spawnPackage=10_bxb_wilds_38_40
outerRadius=10

