[ENTRY]
ID=151050362
Asset=Manipulator-PathNode
Pos=44964,304.479,45937
Orient=0,0,0,1
Scale=1,1,1
links_count=1
link=151050361,1

[ENTRY]
ID=151054788
Asset=Par-Waves-1-Emitter
Pos=44618.6,60.793,46065
Orient=0,0.973119,0,-0.230302
Scale=1,1,1
Flags=1

[ENTRY]
ID=151054789
Asset=Par-Waves-1-Emitter
Pos=44475,62.1254,46114
Orient=0,0.973119,0,-0.230302
Scale=1,1,1
Flags=1

