[ENTRY]
ID=151001319
Asset=CL-RocNest2
Pos=45521.7,302.889,45141
Orient=0,0.924606,0,0.380925
Scale=1.2,1.2,1.2
Flags=1

[ENTRY]
ID=151001320
Asset=CL-Roc_Tree3
Pos=45663.4,463.864,45226
Orient=0,-0.448423,0,0.893822
Scale=1,1,1
Flags=1

[ENTRY]
ID=151054781
Asset=Par-Waves-1-Emitter
Pos=45228.3,66.68,45497
Orient=0,-0.849479,0,0.527622
Scale=2,2,2
Flags=1

