[ENTRY]
ID=151051149
Asset=Manipulator-PathNode
Pos=45597.6,490.822,60090
Orient=0,0,0,1
Scale=1,1,1
links_count=2
link=151051148,1
link=151051150,1

[ENTRY]
ID=151051165
Asset=Manipulator-SpawnPoint
Pos=45704.6,558.446,60203
Orient=0,0,0,1
Scale=1,1,1
spawnPackage=3a_goliathcamps01_23_24
outerRadius=30

[ENTRY]
ID=151051243
Asset=Manipulator-SpawnPoint
Pos=45225.5,413.073,60560
Orient=0,0,0,1
Scale=1,1,1
spawnPackage=3a_goliathcamps01_23_24
outerRadius=20

[ENTRY]
ID=151051246
Asset=Manipulator-SpawnPoint
Pos=45166.9,409.109,60725
Orient=0,0.232843,0,0.972514
Scale=1,1,1
spawnPackage=3a_goliathcamps01_23_24

[ENTRY]
ID=151051272
Asset=Manipulator-PathNode
Pos=45093,417.151,60569
Orient=0,0,0,1
Scale=1,1,1
links_count=1
link=151051271,1

