[ENTRY]
ID=151054780
Asset=Par-Waves-1-Emitter
Pos=45086.6,66.68,44828
Orient=0,-0.632672,0,0.77442
Scale=2,2,2
Flags=1

