[ENTRY]
ID=151051222
Asset=Manipulator-SpawnPoint
Pos=46051.1,337.708,62274
Orient=0,0.119712,0,0.992809
Scale=1,1,1
spawnPackage=3a_goliathcamps01_23_24

[ENTRY]
ID=151051225
Asset=Manipulator-SpawnPoint
Pos=45788.2,511.976,62481
Orient=0,-0.991665,0,-0.128844
Scale=0.95,0.95,0.95
links_count=2
link=151051227,1
link=151051231,1
spawnPackage=3a_goliathcamps01_23_24

[ENTRY]
ID=151051228
Asset=Manipulator-PathNode
Pos=45841.6,456.911,62356
Orient=0,0,0,1
Scale=0.95,0.95,0.95
links_count=2
link=151051227,1
link=151051229,1

[ENTRY]
ID=151051456
Asset=Manipulator-SpawnPoint
Pos=46426.2,255.314,62536
Orient=0,0,0,1
Scale=1,1,1
spawnPackage=3a_hedgeDeerRocCamp02_trees
outerRadius=30

