[ENTRY]
ID=151001923
Asset=Dead_Forest?d=0.9&s=84399&sz=800
Pos=46339.5,242.498,51759
Orient=0,-0.99871,0,0.050774
Scale=1.175,1.175,1.175

