[ENTRY]
ID=151012056
Asset=Dead-Rotted_Forest?d=0.9&s=8187&sz=800
Pos=46101.2,204.406,64307
Orient=0,0.789504,0,0.613746
Scale=1.425,1.425,1.425
Flags=1

[ENTRY]
ID=151024038
Asset=Manipulator-SpawnPoint
Pos=46294,210.068,64469
Orient=0,0,0,1
Scale=1,1,1
innerRadius=65
spawnPackage=10_bxb_wilds_38_40
outerRadius=70

