[ENTRY]
ID=151001912
Asset=Forest?d=0.9&s=811812&sz=800
Pos=46441.6,384.842,48366
Orient=0,-0.981854,0,0.189641
Scale=1,1,1
Flags=1

[ENTRY]
ID=151052176
Asset=Manipulator-SpawnPoint
Pos=46326,353.773,48541
Orient=0,0,0,1
Scale=1,1,1
spawnPackage=3a_shroomieCamp01_generalWoods
outerRadius=30

[ENTRY]
ID=151052177
Asset=Manipulator-SpawnPoint
Pos=46233.4,339.458,48165
Orient=0,0,0,1
Scale=1,1,1
links_count=1
link=151052178,1
spawnPackage=3a_shroomieCamp01_generalWoods

[ENTRY]
ID=151052178
Asset=Manipulator#Manipulator-PathNode
Pos=46374.3,372.69,48189
Orient=0,0,0,1
Scale=1,1,1
links_count=2
link=151052177,1
link=151052179,1

