[ENTRY]
ID=151024406
Asset=Manipulator-SpawnPoint
Pos=46301.2,435.895,75088
Orient=0,0,0,1
Scale=1,1,1
spawnPackage=10_bsp_wilds_40_42
outerRadius=10

[ENTRY]
ID=151024418
Asset=Manipulator#Manipulator-PathNode
Pos=45858.3,454.077,75187
Orient=0,0,0,1
Scale=1,1,1
links_count=2
link=151024417,1
link=151024419,1

[ENTRY]
ID=151024419
Asset=Manipulator-PathNode
Pos=46015.5,426.932,75449
Orient=0,0,0,1
Scale=1,1,1
links_count=2
link=151024418,1
link=151024420,1

[ENTRY]
ID=151024420
Asset=Manipulator-PathNode
Pos=45975.6,470.378,75174
Orient=0,0,0,1
Scale=1,1,1
links_count=2
link=151024417,1
link=151024419,1

[ENTRY]
ID=151059173
Asset=CL-Rotted_Flora5#CL-Rotted_Flora5
Pos=46394.6,288.7,75552.3
Orient=0,-0.548025,0,0.836462
Scale=1.475,1.475,1.475
Flags=1

