[ENTRY]
ID=151042655
Asset=Forest?d=1&s=875691&sz=800
Pos=45860.1,493.583,54056
Orient=0,0.0149996,0,0.999888
Scale=1,1,1
Flags=1

