[ENTRY]
ID=151001924
Asset=Forest?d=0.9&s=171227&sz=800
Pos=46301.6,414.954,50875
Orient=0,0.895699,0,0.444662
Scale=1,1,1
Flags=1

[ENTRY]
ID=151052194
Asset=Manipulator-SpawnPoint
Pos=46411.6,503.169,50353
Orient=0,0,0,1
Scale=1,1,1
spawnPackage=3a_shroomieCamp01_generalWoods
outerRadius=30

