[ENTRY]
ID=151012496
Asset=Sick-Rotted_Forest?d=0.9&s=81817&sz=800
Pos=46414.8,447.821,73196
Orient=0,-0.725384,0,-0.688344
Scale=1.55,1.55,1.55
Flags=1

[ENTRY]
ID=151024342
Asset=Manipulator-SpawnPoint
Pos=45885.2,335.706,72930
Orient=0,0,0,1
Scale=1,1,1
spawnPackage=10_bxb_wilds_38_40
outerRadius=10

[ENTRY]
ID=151024354
Asset=Manipulator-SpawnPoint
Pos=46171,426.856,73349
Orient=0,0,0,1
Scale=1,1,1
innerRadius=95
spawnPackage=10_bxb_wilds_38_40
outerRadius=100

[ENTRY]
ID=151025393
Asset=CL-Rotted_Flora3#CL-Rotted_Flora3
Pos=46496.9,443.379,73451
Orient=0,-0.870685,0,-0.491842
Scale=3.05,3.05,3.05

[ENTRY]
ID=151025394
Asset=CL-Mushroom_Rotted2
Pos=46367.8,443.174,73321
Orient=0.0943381,0.768384,-0.088912,-0.626723
Scale=0.7,0.7,0.7

