[ENTRY]
ID=151024425
Asset=Manipulator-SpawnPoint
Pos=46870.2,303.351,75992
Orient=0,-0.416871,0,0.908966
Scale=1,1,1
links_count=1
link=151024426,1
spawnPackage=10_bsp_wilds_40_42
outerRadius=1

[ENTRY]
ID=151024426
Asset=Manipulator#Manipulator-PathNode
Pos=47076.4,306.697,76218
Orient=0,0,0,1
Scale=1,1,1
links_count=2
link=151024425,1
link=151024427,1

[ENTRY]
ID=151024429
Asset=Manipulator-PathNode
Pos=47172.8,307.659,76316
Orient=0,0,0,1
Scale=1,1,1
links_count=2
link=151024427,1
link=151024430,1

[ENTRY]
ID=151024431
Asset=Manipulator-SpawnPoint
Pos=47181.9,327.667,76203
Orient=0,0,0,1
Scale=1,1,1
spawnPackage=10_bsp_wilds_40_42
outerRadius=10

