[ENTRY]
ID=151025395
Asset=CL-Rotted_Flora4#CL-Rotted_Flora4
Pos=46600.3,474.422,71282
Orient=0,0.99794,0,-0.0641588
Scale=4.825,4.825,4.825

