[ENTRY]
ID=151012052
Asset=Dead-Rotted_Forest?d=0.9&s=877&sz=800
Pos=46993.1,209.117,66100
Orient=0,0.977865,0,0.209239
Scale=2.075,2.075,2.075
Flags=1

[ENTRY]
ID=151024075
Asset=Manipulator-SpawnPoint
Pos=47242.9,242.34,66379.6
Orient=0,0,0,1
Scale=1,1,1
innerRadius=95
spawnPackage=10_bxb_shellCrawlerCamp
outerRadius=100

[ENTRY]
ID=151024076
Asset=Manipulator-SpawnPoint
Pos=46865.3,208.802,66453
Orient=0,0,0,1
Scale=1,1,1
spawnPackage=10_bxb_shellCrawlerCamp
outerRadius=10

[ENTRY]
ID=151024077
Asset=Manipulator-SpawnPoint
Pos=47124,201.907,66566
Orient=0,0,0,1
Scale=1,1,1
spawnPackage=10_bxb_shellCrawlerCamp
outerRadius=10

