[ENTRY]
ID=151001307
Asset=CL-Roc_Tree2
Pos=46804.3,415.723,44065
Orient=0,0.257081,0,0.96639
Scale=2.2,2.2,2.2
Flags=1

