[ENTRY]
ID=151015719
Asset=CL-Dead-Rotted_Forest5#CL-Dead-Rotted_Forest5
Pos=47061.9,206.233,68391
Orient=0,0.632673,0,0.774419
Scale=1.625,1.625,1.625
Flags=1

[ENTRY]
ID=151024816
Asset=Manipulator-SpawnPoint
Pos=46560.2,237.055,68280
Orient=0,0,0,1
Scale=1,1,1
spawnPackage=10_bxb_wilds_38_40
outerRadius=10

[ENTRY]
ID=151025344
Asset=CL-Rotted_Flora7
Pos=47210,208.789,68336
Orient=0,-0.971527,0,-0.236929
Scale=2.675,2.675,2.675
Flags=1

[ENTRY]
ID=151026567
Asset=Prop-Mushroom_Glowpod#Prop-Mushroom_Glowpod2
Pos=46965.6,224.459,68315
Orient=0,0,0,1
Scale=2.2,2.2,2.2

[ENTRY]
ID=151026568
Asset=Prop-Mushroom_Glowpod2
Pos=46965.6,223.44,68301
Orient=0,0,0,1
Scale=1.35,1.35,1.35

[ENTRY]
ID=151026570
Asset=Prop-Mushroom_Glowpod2
Pos=46956.4,227.557,68325
Orient=0,0,0,1
Scale=1.35,1.35,1.35

