[ENTRY]
ID=150999213
Asset=CL-Rock-Clutter#CL-Rock-Clutter
Pos=46999,249.449,57403
Orient=0,0,0,1
Scale=1,1,1
Flags=1

[ENTRY]
ID=151051083
Asset=Manipulator-SpawnPoint
Pos=46515.9,233.427,57366
Orient=0,0,0,1
Scale=1,1,1
spawnPackage=3a_goliathcamps01_22_23
outerRadius=30

[ENTRY]
ID=151051277
Asset=Manipulator-SpawnPoint
Pos=46659.6,208.232,57569
Orient=0,0.706825,0,0.707388
Scale=1,1,1
spawnPackage=3a_goliathcamps01_24_25

[ENTRY]
ID=151053561
Asset=Manipulator-SpawnPoint
Pos=47238.5,251.743,57220
Orient=0,0,0,1
Scale=1,1,1
spawnPackage=3a_sectionB6_general
outerRadius=10

[ENTRY]
ID=151053567
Asset=Manipulator-SpawnPoint
Pos=46922.7,230.667,57060
Orient=0,0,0,1
Scale=1,1,1
spawnPackage=3a_sectionB6_general
outerRadius=10

