[ENTRY]
ID=151024415
Asset=Manipulator-SpawnPoint
Pos=46516,402.754,75273
Orient=0,0,0,1
Scale=1,1,1
spawnPackage=10_bsp_wilds_40_42
outerRadius=10

[ENTRY]
ID=151024416
Asset=Manipulator-SpawnPoint
Pos=47012,383.017,75141
Orient=0,0,0,1
Scale=1,1,1
innerRadius=95
spawnPackage=10_bsp_wilds_40_42
outerRadius=100

[ENTRY]
ID=151024422
Asset=Manipulator-SpawnPoint
Pos=46710.8,280.468,75703
Orient=0,0,0,1
Scale=1,1,1
innerRadius=95
spawnPackage=10_bsp_wilds_40_42
outerRadius=100

[ENTRY]
ID=151024424
Asset=Manipulator-SpawnPoint
Pos=47142.9,417.814,75519
Orient=0,0,0,1
Scale=1,1,1
spawnPackage=10_bsp_wilds_40_42
outerRadius=10

[ENTRY]
ID=151058940
Asset=Dead-Rotted_Forest?d=0.9&s=871817&sz=800
Pos=46676.7,416.963,75063
Orient=0,-0.964883,0,0.262679
Scale=2.25,2.25,2.25
Flags=1

