[ENTRY]
ID=151024072
Asset=Manipulator-SpawnPoint
Pos=47824.5,257.29,67069
Orient=0,0,0,1
Scale=1,1,1
innerRadius=95
spawnPackage=10_bxb_shellCrawlerCamp
outerRadius=100

[ENTRY]
ID=151024073
Asset=Manipulator-SpawnPoint
Pos=47657,212.417,67264
Orient=0,0,0,1
Scale=1,1,1
spawnPackage=10_bxb_shellCrawlerCamp
outerRadius=10

[ENTRY]
ID=151024074
Asset=Manipulator-SpawnPoint
Pos=47390.7,273.759,66850
Orient=0,0,0,1
Scale=1,1,1
innerRadius=95
spawnPackage=10_bxb_shellCrawlerCamp
outerRadius=100

[ENTRY]
ID=151024083
Asset=Manipulator-PathNode
Pos=47732.4,191.463,67084
Orient=0,0,0,1
Scale=1,1,1
links_count=2
link=151024082,1
link=151024084,1

[ENTRY]
ID=151058828
Asset=CL-Mushroom_Rotted2#CL-Mushroom_Rotted2
Pos=47660.7,194.742,66899.7
Orient=-0.0664165,0.748276,0.074274,0.655862
Scale=1.15,1.15,1.15
Flags=1

[ENTRY]
ID=151058829
Asset=CL-Mushroom_Rotted2
Pos=47775.6,213.131,67202
Orient=0,0.767543,0,0.640997
Scale=2.05,2.05,2.05
Flags=1

