[ENTRY]
ID=151041292
Asset=Prop-Giant_Mushroom1
Pos=47513.9,405.785,50288
Orient=-0.356949,0,0,0.934124
Scale=2.15,2.15,2.15
Flags=1

[ENTRY]
ID=151045592
Asset=Prop-Mushroom_Small2
Pos=47271.2,326.541,50920
Orient=0,-0.572867,0,0.819648
Scale=3.275,3.275,3.275

[ENTRY]
ID=151052357
Asset=Manipulator-SpawnPoint
Pos=47714,511.389,50869
Orient=0,0.0149994,0,0.999888
Scale=1,1,1
spawnPackage=3a_shroomieCamp01_general

[ENTRY]
ID=151052358
Asset=Manipulator-SpawnPoint
Pos=47969.1,444.803,50799
Orient=0,0,0,1
Scale=1,1,1
spawnPackage=3a_shroomieCamp01_general
outerRadius=20

[ENTRY]
ID=151052359
Asset=Manipulator-SpawnPoint
Pos=47685.1,557.121,50593
Orient=0,0,0,1
Scale=1,1,1
spawnPackage=3a_shroomieCamp01_general
outerRadius=30

