[ENTRY]
ID=151041277
Asset=Forest?d=0.9&s=81712&sz=800
Pos=47776.6,256.691,53128
Orient=0,-0.561827,0,-0.827255
Scale=1.775,1.775,1.775
Flags=1

