[ENTRY]
ID=151041266
Asset=Forest?d=0.9&s=811812&sz=800
Pos=47916.4,457.581,48308
Orient=0,-0.822955,0,-0.568107
Scale=1.6,1.6,1.6
Flags=1

[ENTRY]
ID=151052167
Asset=Manipulator-SpawnPoint
Pos=47854.9,563.61,48646
Orient=0,0,0,1
Scale=1,1,1
spawnPackage=3a_shroomieCamp01_generalWoods
outerRadius=30

[ENTRY]
ID=151052169
Asset=Manipulator-SpawnPoint
Pos=47870.2,497.074,48369
Orient=0,-0.984588,0,0.174892
Scale=0.975,0.975,0.975
links_count=1
link=151052170,1
spawnPackage=3a_shroomieCamp01_generalWoods

[ENTRY]
ID=151052170
Asset=Manipulator#Manipulator-PathNode
Pos=47656.6,526.894,48339
Orient=0,0,0,1
Scale=1,1,1
links_count=2
link=151052169,1
link=151052172,1

[ENTRY]
ID=151052172
Asset=Manipulator-PathNode
Pos=47372.3,433.917,48427
Orient=0,0,0,1
Scale=1,1,1
links_count=1
link=151052170,1

