[ENTRY]
ID=151051376
Asset=Manipulator-SpawnPoint
Pos=47895.1,263.268,61607
Orient=0,0.928369,0,0.37166
Scale=1,1,1
spawnPackage=3a_goliathcamps01_24_25

[ENTRY]
ID=151051495
Asset=Manipulator-SpawnPoint
Pos=47367.5,275.013,61966
Orient=0,0,0,1
Scale=1,1,1
spawnPackage=3a_hedgeDeerRocCamp02_general
outerRadius=30

[ENTRY]
ID=151051523
Asset=Manipulator-SpawnPoint
Pos=47713.3,283.247,61516
Orient=0,-0.953607,0,0.301053
Scale=1,1,1
links_count=1
link=151051526,1
spawnPackage=3a_hedgeDeerRocCamp02_general

[ENTRY]
ID=151051526
Asset=Manipulator#Manipulator-PathNode
Pos=47385.2,275.389,61747
Orient=0,0,0,1
Scale=1,1,1
links_count=1
link=151051523,1

