[ENTRY]
ID=151001336
Asset=CL-RocNest2
Pos=47952.7,298.894,44382
Orient=0,-0.833272,0,0.552863
Scale=1.825,1.825,1.825
Flags=1

[ENTRY]
ID=151008115
Asset=Manipulator-SpawnPoint
Pos=47322.4,473.807,44991
Orient=0,0,0,1
Scale=1,1,1
spawnPackage=3_rocNests_24_25
outerRadius=20

[ENTRY]
ID=151051971
Asset=Manipulator-PathNode
Pos=47999.5,365.004,44962
Orient=0,0,0,1
Scale=1,1,1
links_count=1
link=151051970,1

[ENTRY]
ID=151051981
Asset=Manipulator-PathNode
Pos=47305.4,512.606,44832
Orient=0,0,0,1
Scale=1,1,1
links_count=1
link=151051980,1

[ENTRY]
ID=151059764
Asset=Manipulator-SpawnPoint
Pos=47445,439.995,44995
Orient=0,0.92388,0,-0.382683
Scale=1,1,1
spawnPackage=3_obji_bg_06_rocEgg

