[ENTRY]
ID=151041276
Asset=Forest?d=0.9&s=81712&sz=800
Pos=47539.9,375.295,52366
Orient=0,-0.561827,0,-0.827255
Scale=1.35,1.35,1.35
Flags=1

