[ENTRY]
ID=151012595
Asset=CL-Sick-Forest3
Pos=47877.6,1704.4,78495
Orient=0,0.849481,0,0.52762
Scale=1.525,1.525,1.525

[ENTRY]
ID=151058454
Asset=CL-Sick-Forest3
Pos=47832.8,1427.06,78112.9
Orient=0,0.977146,0,-0.21257
Scale=1.175,1.175,1.175

