[ENTRY]
ID=151024215
Asset=Manipulator-SpawnPoint
Pos=48468.2,187.314,70827
Orient=0,0,0,1
Scale=1,1,1
innerRadius=125
spawnPackage=10_bxb_wilds_38_40
outerRadius=130

[ENTRY]
ID=151024232
Asset=Manipulator-SpawnPoint
Pos=48036.8,224.167,71128
Orient=0,0,0,1
Scale=1,1,1
spawnPackage=10_bxb_wilds_38_40
outerRadius=10

[ENTRY]
ID=151024810
Asset=Manipulator-SpawnPoint
Pos=48693.4,198.003,71058
Orient=0,0,0,1
Scale=1,1,1
spawnPackage=10_bsp_wilds_40_42
outerRadius=10

[ENTRY]
ID=151059180
Asset=Prop-Giant_Mushroom_Chopped#Prop-Giant_Mushroom_Stump
Pos=48153.1,211.754,70663.8
Orient=0,-0.867423,0,0.497571
Scale=1,1,1
Flags=1

