[ENTRY]
ID=151001761
Asset=Prop-Forest_Tree7
Pos=48241.3,234.594,55580
Orient=0,-0.917438,0,-0.397879
Scale=1,1,1
Flags=1

[ENTRY]
ID=151053728
Asset=Manipulator#Manipulator-PathNode
Pos=48653.2,278.637,55597
Orient=0,0,0,1
Scale=1,1,1
links_count=2
link=151053730,1
link=151054056,1

[ENTRY]
ID=151053730
Asset=Manipulator-PathNode
Pos=48694.4,295.988,55515
Orient=0,0,0,1
Scale=1,1,1
links_count=2
link=151053728,1
link=151053731,1

[ENTRY]
ID=151054056
Asset=Manipulator-SpawnPoint
Pos=48652.3,284.195,55594
Orient=0,0,0,1
Scale=1,1,1
links_count=1
link=151053728,1
spawnPackage=3_npc_mid_guards

