[ENTRY]
ID=151056238
Asset=Manipulator-SpawnPoint
Name=Untitled
Pos=48748.2,263.092,65167.4
Orient=0,0.568762,0,0.822502
Scale=1,1,1
spawnPackage=3a_lt07a_Donk_goliath_h_k_23
links_count=1
link=151056239,1

[ENTRY]
ID=151056239
Asset=Manipulator#Manipulator-PathNode
Name=Untitled
Pos=48719.9,266.256,64571
Orient=0,0,0,1
Scale=1,1,1
links_count=4
link=1128391,1
link=151056238,1
link=151056240,1

