[ENTRY]
ID=151041274
Asset=Forest?d=0.9&s=811212&sz=800
Pos=49210.2,320.697,52106
Orient=0,-0.805544,0,-0.592537
Scale=2.175,2.175,2.175
Flags=1

