[ENTRY]
ID=151052546
Asset=Manipulator-SpawnPoint
Pos=49182.9,443.776,44491
Orient=0,-0.15438,0,0.988012
Scale=1,1,1
links_count=1
link=151052547,1
spawnPackage=3a_deerHedgehogCamp01_general

[ENTRY]
ID=151052547
Asset=Manipulator#Manipulator-PathNode
Pos=49377.2,493.562,44623
Orient=0,0,0,1
Scale=1,1,1
links_count=2
link=151052546,1
link=151052548,1

