[ENTRY]
ID=151054724
Asset=Par-Waves-1-Emitter
Pos=49125.5,67.4088,41627
Orient=0,0.926499,0,0.376297
Scale=1.5,1.5,1.5
Flags=1

[ENTRY]
ID=151054736
Asset=Par-Waves-1-Emitter
Pos=48880.9,67.4088,41363
Orient=0,0.926499,0,0.376297
Scale=1.5,1.5,1.5

