[ENTRY]
ID=151054391
Asset=Manipulator-SpawnPoint
Pos=49467.9,77.9971,40268
Orient=0,0,0,1
Scale=1,1,1
spawnPackage=2a_suf_beach_25_26
outerRadius=1

[ENTRY]
ID=151054713
Asset=Par-Waves-1-Emitter
Pos=49462,60.8889,39764
Orient=0,0.974971,0,-0.22233
Scale=2,2,2
Flags=1

[ENTRY]
ID=151054715
Asset=Par-Waves-1-Emitter
Pos=49208.7,60.6261,40201
Orient=0,0.749027,0,-0.662539
Scale=2,2,2
Flags=1

