[ENTRY]
ID=151042903
Asset=Forest?d=0.9&s=123549&sz=900
Pos=49325.1,204.707,65080
Orient=0,-0.585099,0,0.810962
Scale=1.675,1.675,1.675
Flags=1

