[ENTRY]
ID=151052536
Asset=Manipulator-SpawnPoint
Pos=49643.6,388.443,45475
Orient=0,0,0,1
Scale=1,1,1
spawnPackage=3a_deerHedgehogCamp01_general
outerRadius=30

[ENTRY]
ID=151052538
Asset=Manipulator-SpawnPoint
Pos=49722.2,418.668,45249
Orient=0,0.539632,0,0.841901
Scale=0.9,0.9,0.9
links_count=1
link=151052544,1
spawnPackage=3a_deerHedgehogCamp01_general

[ENTRY]
ID=151052598
Asset=Manipulator-SpawnPoint
Pos=50157,336.576,45312
Orient=0,0,0,1
Scale=1,1,1
spawnPackage=3a_deerHedgehogCamp01_trees
outerRadius=100

[ENTRY]
ID=151052599
Asset=Manipulator-SpawnPoint
Pos=50230.2,323.777,45049.5
Orient=0,0,0,1
Scale=1,1,1
spawnPackage=3a_deerHedgehogCamp01_trees
outerRadius=150

