[ENTRY]
ID=151012374
Asset=Sick-Rotted_Forest?d=0.9&s=81817&sz=800
Pos=49521.1,250.562,80107
Orient=0,-0.242556,0,0.970137
Scale=1.2,1.2,1.2
Flags=1

[ENTRY]
ID=151012419
Asset=CL-Mushroom_Rotted3#CL-Mushroom_Rotted3
Pos=49979.6,383.187,80239
Orient=0,0,0,1
Scale=1.45,1.45,1.45
Flags=1

[ENTRY]
ID=151026558
Asset=Prop-Mushroom_Glowpod#Prop-Mushroom_Glowpod1
Pos=49629.5,301.399,79559
Orient=0,0,0,1
Scale=2.9,2.9,2.9

[ENTRY]
ID=151026559
Asset=Prop-Mushroom_Glowpod2
Pos=49617.1,296.21,79576
Orient=0,0.930216,0,0.367013
Scale=2.6,2.6,2.6

[ENTRY]
ID=151029000
Asset=CL-Sick-Rotted_Forest2#CL-Sick-Rotted_Forest2
Pos=50136.1,321.935,79976
Orient=0,0.581035,0,0.813878
Scale=1,1,1

[ENTRY]
ID=151039672
Asset=Manipulator#Manipulator-PathNode
Pos=49855,295.682,79575
Orient=0,0,0,1
Scale=0.95,0.95,0.95
links_count=2
link=151039671,1
link=151039673,1

[ENTRY]
ID=151039676
Asset=Manipulator-SpawnPoint
Pos=49555,229.725,79930
Orient=0,0,0,1
Scale=1,1,1
innerRadius=95
spawnPackage=10_oom_wilds_41_43
outerRadius=100

