[ENTRY]
ID=151039680
Asset=Manipulator-SpawnPoint
Pos=49954.5,235.496,80327.6
Orient=0,0,0,1
Scale=1,1,1
innerRadius=95
spawnPackage=10_oom_wilds_41_43
outerRadius=100

[ENTRY]
ID=151059004
Asset=CL-Sick-Rotted_Forest3
Pos=49520,290,80445
Orient=0,0.644218,0,0.764842
Scale=2.025,2.025,2.025
Flags=1

[ENTRY]
ID=151059069
Asset=Sick-Rotted_Forest?d=0.9&s=871817&sz=800
Pos=50225.1,264.726,80957.1
Orient=0,0.509841,0,0.860269
Scale=1.3,1.3,1.3
Flags=1

