[ENTRY]
ID=151043776
Asset=Prop-Boulder_Arid2
Pos=49967.9,230.162,65353
Orient=0,0,0,1
Scale=5.5,5.5,5.5

[ENTRY]
ID=151044280
Asset=Forest?d=0.9&s=123549&sz=900
Pos=49546.2,287.121,65761
Orient=0,-0.292261,0,-0.956339
Scale=0.875,0.875,0.875
Flags=1

[ENTRY]
ID=151058853
Asset=Prop-Boulder5
Pos=49905,305.428,65280.6
Orient=0,0,0,1
Scale=6.25,6.25,6.25
Flags=1

