[ENTRY]
ID=151052214
Asset=Manipulator-SpawnPoint
Pos=50234.9,214.439,52622
Orient=0,-0.979223,0,-0.202787
Scale=1,1,1
links_count=1
link=151052215,1
spawnPackage=3a_shroomieCamp01_generalWoods

[ENTRY]
ID=151052215
Asset=Manipulator#Manipulator-PathNode
Pos=50008.1,251.129,52581
Orient=0,0,0,1
Scale=1,1,1
links_count=2
link=151052214,1
link=151052216,1

