[ENTRY]
ID=151015495
Asset=Prop-Burnt_Pines#Prop-Burnt_Pine4
Pos=50129.2,632.952,74008
Orient=0,0,0,1
Scale=2.3,2.3,2.3
Flags=1

[ENTRY]
ID=151015497
Asset=CL-RottedPine3#CL-RottedPine3
Pos=50246.6,660.459,73896
Orient=-0.165918,-0.592721,-0.0755366,0.784505
Scale=2.95,2.95,2.95
Flags=1

[ENTRY]
ID=151015500
Asset=CL-RottedPine5
Pos=49857.3,678.991,74096
Orient=0,0.849481,0,0.52762
Scale=2.95,2.95,2.95
Flags=1

