[ENTRY]
ID=151012585
Asset=CL-Dead-Forest2#CL-Dead-Forest2
Pos=50110,218.188,71649
Orient=0,-0.895699,0,0.444662
Scale=2.5,2.5,2.5
Flags=1

[ENTRY]
ID=151024220
Asset=Manipulator-SpawnPoint
Pos=50066.2,204.1,71377
Orient=0,0,0,1
Scale=1,1,1
spawnPackage=10_bxb_wilds_38_40
outerRadius=10

[ENTRY]
ID=151059171
Asset=CL-Rotted_Flora2#CL-Rotted_Flora2
Pos=49512.8,383.231,71533.9
Orient=0,0.997495,0,0.0707372
Scale=2.425,2.425,2.425

