[ENTRY]
ID=151024465
Asset=Manipulator-SpawnPoint
Pos=50003,298.917,77204
Orient=0,0.169182,0,0.985585
Scale=1,1,1
links_count=1
link=151024466,1
spawnPackage=10_bsp_wilds_40_42
outerRadius=10

[ENTRY]
ID=151024466
Asset=Manipulator#Manipulator-PathNode
Pos=50226.4,289.425,77095
Orient=0,0,0,1
Scale=1,1,1
links_count=2
link=151024465,1
link=151024467,1

[ENTRY]
ID=151058928
Asset=CL-Camp1
Pos=49946.4,404.305,76828.7
Orient=0,0,0,1
Scale=1,1,1

