[ENTRY]
ID=151052206
Asset=Manipulator-SpawnPoint
Pos=50125.2,408.076,51415
Orient=0,0,0,1
Scale=1,1,1
spawnPackage=3a_shroomieCamp01_generalWoods
outerRadius=30

[ENTRY]
ID=151052217
Asset=Manipulator-SpawnPoint
Pos=50189.8,424.004,51729
Orient=0,-0.926499,0,0.376297
Scale=1,1,1
links_count=1
link=151052218,1
spawnPackage=3a_shroomieCamp01_generalWoods

