[ENTRY]
ID=151026541
Asset=Prop-Mushroom_Glowpod2
Pos=50605.7,215.358,80247
Orient=0.184162,0.904291,-0.142358,0.357879
Scale=3,3,3
Flags=1

[ENTRY]
ID=151026549
Asset=Prop-Mushroom_Glowpod1
Pos=50620.7,216.115,80242
Orient=0.127939,0.791721,-0.16252,0.574801
Scale=1.375,1.375,1.375
Flags=1

[ENTRY]
ID=151039681
Asset=Manipulator-SpawnPoint
Pos=50780,214.923,79825
Orient=0,0,0,1
Scale=1,1,1
innerRadius=95
spawnPackage=10_oom_wilds_41_43
outerRadius=100

[ENTRY]
ID=151039682
Asset=Manipulator-SpawnPoint
Pos=50455,247.73,79690
Orient=0,0,0,1
Scale=1,1,1
innerRadius=95
spawnPackage=10_oom_wilds_41_43
outerRadius=100

[ENTRY]
ID=151039683
Asset=Manipulator-SpawnPoint
Pos=50305,221.294,80155
Orient=0,0,0,1
Scale=1,1,1
innerRadius=65
spawnPackage=10_oom_wilds_41_43
outerRadius=70

