[ENTRY]
ID=151028547
Asset=Manipulator#Manipulator-PathNode
Name=Untitled
Pos=50828.4,799.469,65841
Orient=0,0,0,1
Scale=1,1,1
links_count=2
link=151028546,1
link=151028548,1

[ENTRY]
ID=151059493
Asset=Prop-Dead-Forest-Tree3
Name=Untitled
Pos=50423,596.301,65566.7
Orient=-0.0160718,0.99752,-0.065449,-0.0203027
Scale=3.95,3.95,3.95
Flags=1

