[ENTRY]
ID=151028539
Asset=Manipulator-SpawnPoint
Name=Untitled
Pos=50997.1,780.11,66073.9
Orient=0,0.0998334,0,0.995004
Scale=1.125,1.125,1.125
spawnPackage=11_dth_wilds_41_42
wanderRadius=150

[ENTRY]
ID=151028548
Asset=Manipulator-PathNode
Name=Untitled
Pos=50847.8,780.315,66209
Orient=0,0,0,1
Scale=1,1,1
links_count=1
link=151028547,1

