[ENTRY]
ID=151054685
Asset=Par-Waves-1-Emitter
Pos=50798.5,60.795,38370
Orient=0,-0.21823,0,0.975897
Scale=1,1,1
Flags=1

