[ENTRY]
ID=151052872
Asset=Manipulator-SpawnPoint
Pos=50354.1,269.378,63098
Orient=0,0,0,1
Scale=1,1,1
spawnPackage=3a_blightedWoods_general
outerRadius=1

[ENTRY]
ID=151052873
Asset=Manipulator-SpawnPoint
Pos=50801,253.819,63327
Orient=0,0.203567,0,0.979061
Scale=1,1,1
links_count=1
link=151052874,1
spawnPackage=3a_blightedWoods_general

[ENTRY]
ID=151059489
Asset=Forest?d=0.9&s=123663&sz=900
Pos=50761.9,268.755,63120
Orient=0,-0.810497,0,0.585742
Scale=1.3,1.3,1.3

