[ENTRY]
ID=151039720
Asset=Manipulator-SpawnPoint
Pos=50300,179.034,83829
Orient=0,0,0,1
Scale=1,1,1
spawnPackage=10_oom_wilds_41_43
outerRadius=10

[ENTRY]
ID=151059959
Asset=CL-Rotted_Thicket1#CL-Rotted_Thicket1
Pos=50673.3,406.043,83548.3
Orient=0,0.675463,0,-0.737393
Scale=2.725,2.725,2.725
Flags=1

[ENTRY]
ID=151059960
Asset=CL-Rotted_Thicket2#CL-Rotted_Thicket2
Pos=50473.3,305.095,83703.9
Orient=0,0.75128,0,0.659983
Scale=1.2,1.2,1.2

