[ENTRY]
ID=151028134
Asset=Manipulator-SpawnPoint
Name=Untitled
Pos=50887.4,736.945,69404.2
Orient=0,-0.342898,0,0.939373
Scale=1,1,1
spawnPackage=11_irh_daemonStagCamp

[ENTRY]
ID=151040969
Asset=Prop-Dungeon-Entrance-Mine1#Prop-Dungeon-Entrance-Mine1
Name=Untitled
Pos=50818.8,767.141,69305
Orient=0.0416069,0.379803,-0.0171027,0.923973
Scale=1.85,1.85,1.85
Flags=1

[ENTRY]
ID=151040993
Asset=CL-GrunsBush_1#CL-GrunsBush_1
Name=Untitled
Pos=50872.8,726.354,69452
Orient=0,0,0,1
Scale=2.4,2.4,2.4
Flags=1

[ENTRY]
ID=151040998
Asset=CL-GrunsBush_4#CL-GrunsBush_4
Name=Untitled
Pos=50897.5,731.958,69359
Orient=0,0.862404,0,0.50622
Scale=1.875,1.875,1.875

[ENTRY]
ID=151041025
Asset=Prop-Boulder_Scary#Prop-Boulder_Scary5
Name=Untitled
Pos=50819.5,770.106,69309
Orient=0,0,0,1
Scale=0.45,0.45,0.45
Flags=1

