[ENTRY]
ID=150999177
Asset=CL-Plains_Bush2
Pos=50529.6,336.034,44428
Orient=0,-0.531186,0,0.847255
Scale=1,1,1

[ENTRY]
ID=151052539
Asset=Manipulator-SpawnPoint
Pos=50296.4,355.61,44893
Orient=0,0,0,1
Scale=1,1,1
spawnPackage=3a_deerHedgehogCamp01_general
outerRadius=30

[ENTRY]
ID=151052540
Asset=Manipulator-SpawnPoint
Pos=50496,337.438,44579
Orient=0,0,0,1
Scale=1,1,1
spawnPackage=3a_deerHedgehogCamp01_general
outerRadius=30

