[ENTRY]
ID=151032548
Asset=Prop-Palm-Tree5
Pos=50630.7,95.8896,37339
Orient=0,0,0,1
Scale=2.3,2.3,2.3
Flags=1

[ENTRY]
ID=151032554
Asset=Prop-Palm-Tree#Prop-Palm-Tree1
Pos=50623,98.0299,37321
Orient=-0.119419,-0.00837301,0.0694398,0.990377
Scale=1.275,1.275,1.275

[ENTRY]
ID=151054677
Asset=Par-Waves-1-Emitter
Pos=50518.6,61.8107,37233
Orient=0,-0.87959,0,0.475732
Scale=1.2,1.2,1.2
Flags=1

