[ENTRY]
ID=151001671
Asset=Forest?d=0.9&s=812387&sz=800
Pos=51134,250.01,59655
Orient=0,0.640385,0,0.768054
Scale=1.4,1.4,1.4
Flags=1

[ENTRY]
ID=151052657
Asset=Manipulator-SpawnPoint
Pos=51258.4,230.878,59399
Orient=0,0,0,1
Scale=1,1,1
spawnPackage=3a_spibearCamp01_general
outerRadius=1

[ENTRY]
ID=151052958
Asset=Manipulator#Manipulator-PathNode
Pos=51112.9,292.536,59964
Orient=0,0,0,1
Scale=1,1,1
links_count=2
link=151052957,1
link=151052959,1

