[ENTRY]
ID=151024472
Asset=Manipulator-SpawnPoint
Pos=51007.2,268.626,78008
Orient=0,0,0,1
Scale=1,1,1
innerRadius=85
spawnPackage=10_bsp_wilds_40_42
outerRadius=90

[ENTRY]
ID=151024477
Asset=Manipulator-SpawnPoint
Pos=51433,252.323,78162
Orient=0,0,0,1
Scale=1,1,1
links_count=1
link=151024478,1
spawnPackage=10_bsp_wilds_40_42
outerRadius=10

[ENTRY]
ID=151025941
Asset=Manipulator-SpawnPoint
Pos=51155,219.203,78550
Orient=0,0,0,1
Scale=1,1,1
spawnPackage=10_oom_stumpSlayercamp_42_43
outerRadius=10

[ENTRY]
ID=151027744
Asset=Prop-Treekin_Dead4
Pos=51127.6,421.215,78534
Orient=0,-0.99794,0,-0.0641593
Scale=3.4,3.4,3.4

[ENTRY]
ID=151027752
Asset=CL-Dead-Rotted_Forest4#CL-Dead-Rotted_Forest4
Pos=51405.9,240.313,78635
Orient=0,-0.0599638,0,0.998201
Scale=1.325,1.325,1.325
Flags=1

