[ENTRY]
ID=151017054
Asset=Prop-Lamp_Post_Undead#Prop-Lamp_Post_Undead4
Pos=51702,669.268,67915
Orient=0,0.942489,0,0.334238
Scale=1.475,1.475,1.475
Flags=1

[ENTRY]
ID=151017572
Asset=Prop-Burnt_Pines#Prop-Burnt_Pine3
Pos=51167.5,730.738,67521
Orient=0,0,0,1
Scale=1,1,1

[ENTRY]
ID=151017574
Asset=Prop-Burnt_Pines#Prop-Burnt_Pine4
Pos=51707.3,671.991,67938
Orient=0,0,0,1
Scale=1,1,1

[ENTRY]
ID=151017575
Asset=Prop-Burnt_Pines#Prop-Burnt_Pine5
Pos=51672,671.411,67920
Orient=0,0,0,1
Scale=1.975,1.975,1.975

[ENTRY]
ID=151028162
Asset=Manipulator-SpawnPoint
Pos=51719.4,701.388,68185
Orient=0,0,0,1
Scale=1,1,1
spawnPackage=11_irh_daemonStagCamp
outerRadius=10

