[ENTRY]
ID=151002329
Asset=Forest?d=0.9&s=123512&sz=900
Pos=51125.3,239.317,62133
Orient=0,-0.810497,0,0.585742
Scale=1.175,1.175,1.175
Flags=1

[ENTRY]
ID=151052909
Asset=Manipulator-SpawnPoint
Pos=51120.3,195.534,61878
Orient=0,0,0,1
Scale=1,1,1
spawnPackage=3a_blightedWoods_general
outerRadius=1

[ENTRY]
ID=151052911
Asset=Manipulator-SpawnPoint
Pos=51453.7,223.739,61916
Orient=0,0,0,1
Scale=1,1,1
spawnPackage=3a_blightedWoods_general
outerRadius=1

[ENTRY]
ID=151052983
Asset=Manipulator-SpawnPoint
Pos=51002.2,173.867,61711
Orient=0,0.857299,0,0.514819
Scale=1,1,1
links_count=1
link=151052984,1
spawnPackage=3a_blightedWoods_general

