[ENTRY]
ID=151002315
Asset=Forest?d=0.9&s=132490&sz=900
Pos=52251.8,366.644,57333
Orient=0,-0.169183,0,0.985585
Scale=1.35,1.35,1.35
Flags=1

[ENTRY]
ID=151052685
Asset=Manipulator-SpawnPoint
Pos=51942.4,204.585,57541
Orient=0,0,0,1
Scale=1,1,1
spawnPackage=3a_spibearCamp01_general
outerRadius=1

[ENTRY]
ID=151052733
Asset=Manipulator-SpawnPoint
Pos=52367.7,215.331,57407
Orient=0,0,0,1
Scale=1,1,1
spawnPackage=3a_blightedWoods_general
outerRadius=1

