[ENTRY]
ID=151018120
Asset=Prop-Boulder2
Pos=52385,592.155,77427
Orient=0,-0.20846,0,0.978031
Scale=3.3,3.3,3.3
Flags=1

[ENTRY]
ID=151018614
Asset=Prop-Bush-Med2
Pos=52367.4,640.568,77437
Orient=0,0,0,1
Scale=3.9,3.9,3.9
Flags=1

[ENTRY]
ID=151040752
Asset=Manipulator-PathNode
Pos=52458.5,515.717,77338
Orient=0,0,0,1
Scale=1,1,1
links_count=2
link=151040751,1
link=151040753,1

