[ENTRY]
ID=151002353
Asset=Prop-Giant_Mushroom#Prop-Giant_Mushroom-Glowing3
Pos=52339.8,275.806,56419
Orient=0,-0.713864,0,0.700285
Scale=1,1,1
Flags=1

[ENTRY]
ID=151052730
Asset=Manipulator-SpawnPoint
Pos=51869.4,195.943,56873
Orient=0,0,0,1
Scale=1,1,1
spawnPackage=3a_blightedWoods_general
outerRadius=1

[ENTRY]
ID=151052731
Asset=Manipulator-SpawnPoint
Pos=52197.8,221.349,56599
Orient=0,0,0,1
Scale=1,1,1
spawnPackage=3a_blightedWoods_general
outerRadius=1

[ENTRY]
ID=151052732
Asset=Manipulator-SpawnPoint
Pos=52343.6,231.311,56928
Orient=0,0,0,1
Scale=1,1,1
spawnPackage=3a_blightedWoods_general
outerRadius=1

