[ENTRY]
ID=151002333
Asset=Dead_Forest?d=0.9&s=123549&sz=900
Pos=52304.2,220.857,63600
Orient=0,-0.436398,0,-0.899754
Scale=1.075,1.075,1.075
Flags=1

[ENTRY]
ID=151059495
Asset=CL-UndeadBoulder1#CL-UndeadBoulder1
Pos=52457.3,211.682,63466.7
Orient=0,0.183947,0,0.982936
Scale=2.1,2.1,2.1
Flags=1

[ENTRY]
ID=151061929
Asset=Manipulator#Manipulator-PathNode
Pos=51869.6,257.787,63608
Orient=0,0,0,1
Scale=1,1,1
links_count=2
link=151061928,1
link=151061930,1

[ENTRY]
ID=151061931
Asset=Manipulator-SpawnPoint
Pos=52070.4,255.595,63517.3
Orient=0,0,0,1
Scale=1,1,1
spawnPackage=3a_blightedWoods_general
outerRadius=1

[ENTRY]
ID=151061933
Asset=Manipulator-SpawnPoint
Pos=52031.7,298.566,63065.2
Orient=0,0,0,1
Scale=1,1,1
spawnPackage=3a_blightedWoods_general
outerRadius=1

