[ENTRY]
ID=151002313
Asset=Forest?d=0.9&s=871339&sz=800
Pos=52349.2,206.176,57982
Orient=0,-0.886627,0,0.462485
Scale=1.125,1.125,1.125
Flags=1

[ENTRY]
ID=151052672
Asset=Manipulator-SpawnPoint
Pos=52240.7,138.126,58277
Orient=0,0,0,1
Scale=1,1,1
spawnPackage=3a_spibearCamp01_general
outerRadius=1

[ENTRY]
ID=151052673
Asset=Manipulator-SpawnPoint
Pos=51876.7,174.764,58183
Orient=0,0,0,1
Scale=1,1,1
spawnPackage=3a_spibearCamp01_general
outerRadius=30

[ENTRY]
ID=151052674
Asset=Manipulator-SpawnPoint
Pos=51838,185.542,58343
Orient=0,0.989391,0,0.14528
Scale=1,1,1
links_count=1
link=151052675,1
spawnPackage=3a_spibearCamp01_general

[ENTRY]
ID=151052735
Asset=Manipulator-SpawnPoint
Pos=52358.6,207.334,57757
Orient=0,0,0,1
Scale=1,1,1
spawnPackage=3a_blightedWoods_general
outerRadius=1

