[ENTRY]
ID=151015058
Asset=Prop-Bush_Rotted3#Prop-Bush_Rotted3
Pos=52157.1,436.185,81645
Orient=0,0,0,1
Scale=2.35,2.35,2.35
Flags=1

[ENTRY]
ID=151015060
Asset=Prop-Bush_Rotted2#Prop-Bush_Rotted2
Pos=52132.9,435.74,81666
Orient=0,0,0,1
Scale=1,1,1
Flags=1

[ENTRY]
ID=151026206
Asset=CL-Rotted_Flora2
Pos=51786.4,336.307,81051
Orient=0,-0.747971,0,0.663731
Scale=1.65,1.65,1.65
Flags=1

