[ENTRY]
ID=151002319
Asset=Forest?d=0.5&s=123411&sz=900
Pos=52367.5,307.519,60171
Orient=0,-0.188859,0,0.982004
Scale=1,1,1
Flags=1

[ENTRY]
ID=151052938
Asset=Manipulator-SpawnPoint
Pos=52436.8,185.497,60445
Orient=0,0,0,1
Scale=1,1,1
spawnPackage=3a_blightedWoods_general
outerRadius=1

[ENTRY]
ID=151052940
Asset=Manipulator#Manipulator-PathNode
Pos=52299.8,155.204,60698
Orient=0,0,0,1
Scale=1,1,1
links_count=2
link=151052939,1
link=151052941,1

[ENTRY]
ID=151052941
Asset=Manipulator-PathNode
Pos=52483.5,175.311,60655
Orient=0,0,0,1
Scale=1,1,1
links_count=1
link=151052940,1

[ENTRY]
ID=151052942
Asset=Manipulator-SpawnPoint
Pos=52167.5,176.07,60162
Orient=0,0,0,1
Scale=1,1,1
spawnPackage=3a_blightedWoods_general
outerRadius=1

