[ENTRY]
ID=151053028
Asset=Manipulator-SpawnPoint
Pos=52773.3,169.412,56118
Orient=0,-0.988134,0,-0.153593
Scale=0.975,0.975,0.975
links_count=2
link=151053037,1
link=151053038,1
spawnPackage=3a_spikedToadCamp01_general

[ENTRY]
ID=151053034
Asset=Manipulator#Manipulator-PathNode
Pos=52960.9,173.029,56159
Orient=0,0,0,1
Scale=1,1,1
links_count=1
link=151053026,1

