[ENTRY]
ID=151012676
Asset=CL-Sick-Rotted_Forest3#CL-Sick-Rotted_Forest3
Pos=53137.3,261.467,75470
Orient=0,0,0,1
Scale=1.55,1.55,1.55
Flags=1

[ENTRY]
ID=151024488
Asset=Manipulator-SpawnPoint
Pos=52703.5,274.274,75663
Orient=0,0,0,1
Scale=1,1,1
innerRadius=75
spawnPackage=10_bsp_wilds_40_42
outerRadius=80

[ENTRY]
ID=151062429
Asset=CL-Dead-Rotted_Forest4
Pos=52892.3,245.293,75078.4
Orient=0,-0.688921,0,0.724836
Scale=1.375,1.375,1.375
Flags=1

