[ENTRY]
ID=151015272
Asset=CL-UndeadTree3#CL-UndeadTree3
Pos=53432.6,786.892,64402
Orient=0,0,0,1
Scale=2.225,2.225,2.225
Flags=1

[ENTRY]
ID=151028556
Asset=Manipulator-SpawnPoint
Pos=53452.3,780.664,64058
Orient=0,0,0,1
Scale=1,1,1
spawnPackage=11_dth_wilds_41_42
outerRadius=10

[ENTRY]
ID=151028561
Asset=Manipulator-SpawnPoint
Pos=53716,765.423,63872
Orient=0,-0.659385,0,0.751806
Scale=1,1,1
links_count=1
link=151028562,1
spawnPackage=11_dth_wilds_41_42
outerRadius=10

[ENTRY]
ID=151028562
Asset=Manipulator#Manipulator-PathNode
Pos=53708.8,778.855,64207
Orient=0,0,0,1
Scale=1,1,1
links_count=2
link=151028561,1
link=151028563,1

[ENTRY]
ID=151028694
Asset=Manipulator-SpawnPoint
Pos=53815.4,769.577,64190
Orient=0,0,0,1
Scale=1,1,1
innerRadius=65
spawnPackage=11_dth_wilds_41_42
outerRadius=70

