[ENTRY]
ID=151032566
Asset=Par-Bees3-Emitter
Pos=53552.4,227.299,38289
Orient=0,0,0,1
Scale=1,1,1

[ENTRY]
ID=151032685
Asset=CL-Beach_Debris3
Pos=53338.4,71.866,38666
Orient=0,0.747972,0,0.663731
Scale=1,1,1

[ENTRY]
ID=151032687
Asset=Par-Waves-1-Emitter
Pos=53973.7,70.395,38788
Orient=0,0,0,1
Scale=1,1,1

[ENTRY]
ID=151054299
Asset=Manipulator-SpawnPoint
Pos=53760.9,190.436,38404
Orient=0,0,0,1
Scale=1,1,1
spawnPackage=2a_suf_general
outerRadius=30

[ENTRY]
ID=151054484
Asset=Manipulator-SpawnPoint
Pos=53340,70.2882,38678
Orient=0,-0.159318,0,0.987227
Scale=1,1,1
spawnPackage=2a_suf_beach_27_28

