[ENTRY]
ID=151057467
Asset=Manipulator-SpawnPoint
Pos=53701.2,459.197,46826
Orient=0,-0.688921,0,0.724836
Scale=1,1,1
links_count=1
link=151057468,1
spawnPackage=3a_sectionC2_general

[ENTRY]
ID=151057468
Asset=Manipulator#Manipulator-PathNode
Pos=53736.2,564.009,47186
Orient=0,0,0,1
Scale=1,1,1
links_count=1
link=151057467,1

[ENTRY]
ID=151057469
Asset=Manipulator-SpawnPoint
Pos=53275.3,525.746,47237
Orient=0,0,0,1
Scale=1,1,1
spawnPackage=3a_sectionC2_general
outerRadius=1

