[ENTRY]
ID=151002324
Asset=Forest?d=0.9&s=81856&sz=900
Pos=53715.6,186.477,61315
Orient=0,-0.309817,0,0.950796
Scale=1.15,1.15,1.15
Flags=1

[ENTRY]
ID=151052931
Asset=Manipulator-SpawnPoint
Pos=53612.5,76.486,60832
Orient=0,0,0,1
Scale=1,1,1
spawnPackage=3a_blightedWoods_general
outerRadius=1

[ENTRY]
ID=151052934
Asset=Manipulator-SpawnPoint
Pos=53934.8,152.037,61180
Orient=0,0,0,1
Scale=1,1,1
spawnPackage=3a_blightedWoods_general
outerRadius=1

[ENTRY]
ID=151053051
Asset=Manipulator-SpawnPoint
Pos=53303.6,126.243,61398
Orient=0,0,0,1
Scale=1,1,1
spawnPackage=3a_wilderbeastialCamp01_general
outerRadius=30

[ENTRY]
ID=151056163
Asset=Manipulator-SpawnPoint
Pos=53937.9,127.301,60905
Orient=0,0,0,1
Scale=2.925,2.925,2.925
innerRadius=100
spawnPackage=3a_obji_hc04_blightweed
outerRadius=150

