[ENTRY]
ID=151017063
Asset=CL-UndeadTree4#CL-UndeadTree4
Pos=53522,528.823,66476
Orient=0,0,0,1
Scale=2.35,2.35,2.35
Flags=1

[ENTRY]
ID=151028574
Asset=Manipulator-SpawnPoint
Pos=53402.8,596.63,66156
Orient=0,-0.906534,0,0.422132
Scale=1,1,1
links_count=1
link=151028575,1
spawnPackage=11_dth_wilds_41_42
outerRadius=10

[ENTRY]
ID=151028576
Asset=Manipulator-PathNode
Pos=53505.6,591.975,66677
Orient=0,0,0,1
Scale=1,1,1
links_count=1
link=151028575,1

[ENTRY]
ID=151028578
Asset=Manipulator-SpawnPoint
Pos=53681,582.872,66691
Orient=0,0,0,1
Scale=1,1,1
spawnPackage=11_dth_wilds_41_42
outerRadius=10

[ENTRY]
ID=151028585
Asset=Manipulator-SpawnPoint
Pos=53968.6,669.974,66438
Orient=0,0,0,1
Scale=1,1,1
innerRadius=95
spawnPackage=11_dth_wilds_41_42
outerRadius=100

[ENTRY]
ID=151028586
Asset=Manipulator-SpawnPoint
Pos=53590.9,595.221,66050
Orient=0,0,0,1
Scale=1,1,1
innerRadius=95
spawnPackage=11_dth_wilds_41_42
outerRadius=100

