[ENTRY]
ID=151054647
Asset=Par-Waves-1-Emitter
Pos=53887.2,73.1386,35034
Orient=0,0.93138,0,0.364049
Scale=1.4,1.4,1.4
Flags=1

