[ENTRY]
ID=151008395
Asset=Manipulator-SpawnPoint
Pos=53270.3,494.092,45168
Orient=0,-0.439462,0,0.898261
Scale=1,1,1
links_count=1
link=151053079,1
spawnPackage=3_stonelionCamp_24_25

[ENTRY]
ID=151008396
Asset=Manipulator-SpawnPoint
Pos=53520.4,541.875,45667
Orient=0,-0.998444,0,0.0557674
Scale=1,1,1
links_count=1
link=151053081,1
spawnPackage=3_stonelionCamp_24_25

[ENTRY]
ID=151053079
Asset=Manipulator#Manipulator-PathNode
Pos=53304.3,475.928,45357
Orient=0,0,0,1
Scale=1,1,1
links_count=2
link=151008395,1
link=151053080,1

[ENTRY]
ID=151053080
Asset=Manipulator-PathNode
Pos=53561.7,586.524,45512
Orient=0,0,0,1
Scale=1,1,1
links_count=1
link=151053079,1

