[ENTRY]
ID=151057457
Asset=Manipulator-SpawnPoint
Pos=54398.8,474.559,46491
Orient=0,0,0,1
Scale=1,1,1
spawnPackage=3a_sectionC2_general
outerRadius=30

[ENTRY]
ID=151057458
Asset=Manipulator-SpawnPoint
Pos=54051.2,338.136,45921
Orient=0,-0.979908,0,0.19945
Scale=1,1,1
links_count=1
link=151057459,1
spawnPackage=3a_sectionC2_general

[ENTRY]
ID=151057465
Asset=Manipulator-SpawnPoint
Pos=54136.1,596.417,46238
Orient=0,-0.786425,0,0.617686
Scale=1,1,1
links_count=1
link=151057466,1
spawnPackage=3a_sectionC2_general

[ENTRY]
ID=151057466
Asset=Manipulator#Manipulator-PathNode
Pos=54118.2,577.315,46493
Orient=0,0,0,1
Scale=1,1,1
links_count=1
link=151057465,1

