[ENTRY]
ID=151054651
Asset=Effects#Par-Waves-1-Emitter
Pos=54658.4,60.6458,35878
Orient=0,-0.986549,0,-0.163467
Scale=1.3,1.3,1.3
Flags=1

[ENTRY]
ID=151057411
Asset=Manipulator-PathNode
Pos=54233.8,133.99,35896
Orient=0,0,0,1
Scale=1,1,1
links_count=2
link=151057410,1
link=151057412,1

[ENTRY]
ID=151057412
Asset=Manipulator-PathNode
Pos=54282.4,103.205,35688
Orient=0,0,0,1
Scale=1,1,1
links_count=1
link=151057411,1

