[ENTRY]
ID=151054636
Asset=Effects#Par-Waves-1-Emitter
Pos=54651.3,62.1474,34227
Orient=0,-0.886627,0,0.462485
Scale=1,1,1
Flags=1

