[ENTRY]
ID=151054644
Asset=Effects#Par-Waves-1-Emitter
Pos=54525.3,61.3175,35196
Orient=0,0.985986,0,0.166828
Scale=1.4,1.4,1.4
Flags=1

[ENTRY]
ID=151054648
Asset=Par-Waves-1-Emitter
Pos=54153.1,60.195,35196
Orient=0,0.948481,0,-0.316833
Scale=1.4,1.4,1.4
Flags=1

