[ENTRY]
ID=151052838
Asset=Manipulator-SpawnPoint
Pos=54360.4,140.238,61163
Orient=0,0,0,1
Scale=1,1,1
spawnPackage=3a_blightedWoods_general
outerRadius=1

[ENTRY]
ID=151052842
Asset=Manipulator-SpawnPoint
Pos=54693.3,89.5957,60816
Orient=0,-0.813416,0,0.581683
Scale=1,1,1
links_count=1
link=151052843,1
spawnPackage=3a_blightedWoods_general

[ENTRY]
ID=151052843
Asset=Manipulator#Manipulator-PathNode
Pos=54617.3,115.122,61076
Orient=0,0,0,1
Scale=1,1,1
links_count=2
link=151052842,1
link=151052844,1

[ENTRY]
ID=151052844
Asset=Manipulator-PathNode
Pos=54623,149.42,61247
Orient=0,0,0,1
Scale=1,1,1
links_count=1
link=151052843,1

