[ENTRY]
ID=151021299
Asset=Prop-Boulder_Scary#Prop-Boulder_Scary1
Name=Untitled
Pos=54011.5,87.9136,63621.4
Orient=0,0.711318,0,0.702871
Scale=7.7,7.7,7.7

[ENTRY]
ID=151027062
Asset=Manipulator-SpawnPoint
Name=Untitled
Pos=54736.7,857.443,63663
Orient=0,0,0,1
Scale=1,1,1
spawnPackage=11_dth_organCuller_d_41

