[ENTRY]
ID=151028571
Asset=Manipulator-SpawnPoint
Name=Untitled
Pos=54594.2,1037.51,65185
Orient=0,-0.0699428,0,0.997551
Scale=1,1,1
spawnPackage=11_dth_wilds_41_42
links_count=1
link=151028572,1

[ENTRY]
ID=151040887
Asset=Prop-Dungeon-Entrance-Mine1#Prop-Dungeon-Entrance-Mine1
Name=Untitled
Pos=54596,1041.74,65106
Orient=0,0,0,1
Scale=1.3,1.3,1.3

[ENTRY]
ID=151041257
Asset=CL-GrunsBush_3#CL-GrunsBush_3
Name=Untitled
Pos=54645,1023.72,65231
Orient=0,0,0,1
Scale=1,1,1
Flags=1

[ENTRY]
ID=151041260
Asset=Prop-Boulder_Scary#Prop-Boulder_Scary6
Name=Untitled
Pos=54596.3,1047.6,65104
Orient=0,0,0,1
Scale=0.525,0.525,0.525
Flags=1

[ENTRY]
ID=151041261
Asset=Prop-Boulder_Scary#Prop-Boulder_Scary5
Name=Untitled
Pos=54692.9,1056,65113
Orient=0,0.252245,0,0.967663
Scale=1.075,1.075,1.075

[ENTRY]
ID=151041262
Asset=Prop-Boulder_Scary#Prop-Boulder_Scary4
Name=Untitled
Pos=54517,1045.02,65053
Orient=0,0,0,1
Scale=1.875,1.875,1.875

