[ENTRY]
ID=151016193
Asset=CL-UndeadTree1
Pos=54986.2,830.965,66082
Orient=0,0,0,1
Scale=3.275,3.275,3.275
Flags=1

[ENTRY]
ID=151028610
Asset=Manipulator-SpawnPoint
Pos=55245.5,761.387,66534
Orient=0,0,0,1
Scale=1,1,1
innerRadius=95
spawnPackage=11_dth_wilds_41_42
outerRadius=100

[ENTRY]
ID=151028615
Asset=Manipulator-SpawnPoint
Pos=54878,788.472,66357
Orient=0,0,0,1
Scale=1,1,1
spawnPackage=11_dth_wilds_41_42
outerRadius=10

[ENTRY]
ID=151028700
Asset=Manipulator-SpawnPoint
Pos=55455.2,789.384,66145
Orient=0,0,0,1
Scale=1,1,1
innerRadius=65
spawnPackage=11_dth_wilds_41_42
outerRadius=70

[ENTRY]
ID=151028711
Asset=Manipulator-PathNode
Pos=55274.9,889.044,66013
Orient=0,-0.0499792,0,0.99875
Scale=0.925,0.925,0.925
links_count=2
link=151028708,1
link=151028713,1

[ENTRY]
ID=151028713
Asset=Manipulator-PathNode
Pos=55247.5,786.17,66250
Orient=0,-0.0499792,0,0.99875
Scale=0.925,0.925,0.925
links_count=1
link=151028711,1

