[ENTRY]
ID=150995650
Asset=Prop-Bush-Med1#Prop-Bush-Med1
Pos=54834.3,311.515,73571
Orient=0,0,0,1
Scale=1,1,1

[ENTRY]
ID=150995651
Asset=Prop-Bush-Med3#Prop-Bush-Med3
Pos=54808.5,307.73,73514
Orient=0,0,0,1
Scale=1,1,1

[ENTRY]
ID=150995688
Asset=Prop-Small_Mushrooms#Prop-Small_Mushroom4
Pos=55023.5,371.899,73905
Orient=-0.0799148,0,0,0.996802
Scale=1.95,1.95,1.95

