[ENTRY]
ID=151040343
Asset=CL-UndeadTree2#CL-UndeadTree2
Pos=55410.6,1130.77,62757
Orient=0,0,0.139543,0.990216
Scale=0.8,0.8,0.8
Flags=1

[ENTRY]
ID=151052853
Asset=Manipulator#Manipulator-PathNode
Pos=54934,285.016,62321
Orient=0,0,0,1
Scale=1,1,1
links_count=2
link=151052852,1
link=151052854,1

[ENTRY]
ID=151052854
Asset=Manipulator-PathNode
Pos=54758.6,303.065,62424
Orient=0,0,0,1
Scale=1,1,1
links_count=2
link=151052853,1
link=151052855,1

