[ENTRY]
ID=151051951
Asset=Manipulator-SpawnPoint
Pos=55455.6,485.768,46545
Orient=0,-0.366273,0,0.930508
Scale=1,1,1
links_count=2
link=151051952,1
link=151051954,1
spawnPackage=3a_bearThumperCamp02_general

[ENTRY]
ID=151051952
Asset=Manipulator#Manipulator-PathNode
Pos=55434.6,463.984,46677
Orient=0,0,0,1
Scale=1,1,1
links_count=2
link=151051951,1
link=151051953,1

