[ENTRY]
ID=151057402
Asset=Manipulator-SpawnPoint
Pos=55499.8,172,35558
Orient=0,0,0,1
Scale=1,1,1
spawnPackage=2a_suf_general
outerRadius=30

[ENTRY]
ID=151057413
Asset=Manipulator-SpawnPoint
Pos=54998.7,78.2296,35485
Orient=0,0,0,1
Scale=1,1,1
spawnPackage=2a_suf_beach_27_28
outerRadius=1

[ENTRY]
ID=151057414
Asset=Manipulator-SpawnPoint
Pos=55017.6,80.5299,35711
Orient=0,0,0,1
Scale=1,1,1
spawnPackage=2a_suf_beach_27_28
outerRadius=1

[ENTRY]
ID=151058682
Asset=Prop-GiantFlowers1
Pos=55048.1,148.524,35983.1
Orient=0,0.968263,0,0.249934
Scale=0.9,0.9,0.9

