[ENTRY]
ID=151032456
Asset=CL-Hills_Tree5
Pos=54850.2,433.57,39621
Orient=0,0.914795,0,0.403919
Scale=1.425,1.425,1.425
Flags=1

[ENTRY]
ID=151032593
Asset=Par-Bees3-Emitter
Pos=55459.2,426.848,39513
Orient=0,0,0,1
Scale=1,1,1

[ENTRY]
ID=151054002
Asset=Manipulator-SpawnPoint
Pos=54996.5,406.314,39616
Orient=0,0,0,1
Scale=1,1,1
spawnPackage=2a_suf_trees
outerRadius=30

[ENTRY]
ID=151054063
Asset=Manipulator-SpawnPoint
Pos=55313.7,359.395,39596
Orient=0,0,0,1
Scale=1,1,1
spawnPackage=2a_suf_general
outerRadius=30

