[ENTRY]
ID=151058709
Asset=Prop-GiantFlowers6
Pos=54882.1,139.541,37886.5
Orient=0,0,0,1
Scale=1.875,1.875,1.875

[ENTRY]
ID=151058710
Asset=Prop-GiantFlowers2
Pos=54905.1,138.765,37930.3
Orient=0,0,0,1
Scale=1.475,1.475,1.475

[ENTRY]
ID=151058711
Asset=Prop-GiantFlowers3
Pos=54968.3,166.565,38132.8
Orient=0,0.257081,0,0.96639
Scale=1.725,1.725,1.725

