[ENTRY]
ID=151058404
Asset=CL-Mushroom_Small1
Pos=54760,136.937,71128.9
Orient=0,0,0,1
Scale=1.35,1.35,1.35

[ENTRY]
ID=151059186
Asset=Prop-Boulder5
Pos=55491,110.012,70946.1
Orient=0,-0.713864,0,0.700285
Scale=5.55,5.55,5.55
Flags=1

[ENTRY]
ID=151059187
Asset=Prop-Boulder5
Pos=55491,114.92,71099
Orient=0,0,0,1
Scale=3.575,3.575,3.575
Flags=1

