[ENTRY]
ID=1127787
Asset=CL-UndeadTree1
Name=
Pos=55726.4,702.813,68135.8
Orient=0,0.149438,0,0.988771
Scale=2,2,2

[ENTRY]
ID=1127788
Asset=Manipulator#Manipulator-SpawnPoint
Name=
Pos=55555.1,686.41,68180.4
Orient=0,0,0,1
Scale=1,1,1
spawnPackage=11_dth_wilds_41_42
wanderRadius=100

[ENTRY]
ID=151028662
Asset=Manipulator-SpawnPoint
Name=Untitled
Pos=55506.1,647.531,67758.7
Orient=0,0,0,1
Scale=1,1,1
spawnPackage=11_dth_wilds_41_42
wanderRadius=100

