[ENTRY]
ID=151055855
Asset=Manipulator-SpawnPoint
Pos=56249.1,430.533,36917
Orient=0,0,0,1
Scale=1,1,1
spawnPackage=2a_rhl_sectionA2_general
outerRadius=30

[ENTRY]
ID=151058665
Asset=Prop-GiantFlowersLeaf#Prop-GiantFlowers1
Pos=55543.4,313.186,36827.8
Orient=0,-0.959885,0,-0.280394
Scale=1.775,1.775,1.775

[ENTRY]
ID=151058666
Asset=Prop-GiantFlowers1
Pos=55512.6,305.865,36818.1
Orient=0.175899,-0.694048,-0.068171,-0.694773
Scale=0.775,0.775,0.775

