[ENTRY]
ID=151027225
Asset=Manipulator-SpawnPoint
Pos=55808.2,920.447,65199
Orient=0,0,0,1
Scale=1,1,1
spawnPackage=11_dth_limbCuller_r_41
outerRadius=1

[ENTRY]
ID=151027239
Asset=Manipulator-SpawnPoint
Pos=55676.6,928.531,65196
Orient=0,-0.977865,0,0.209238
Scale=1,1,1
links_count=1
link=151027242,1
spawnPackage=11_dth_limbCuller_r_41
outerRadius=1

[ENTRY]
ID=151028729
Asset=Manipulator-PathNode
Pos=56229.8,796.987,64660
Orient=0,0,0,1
Scale=1,1,1
links_count=2
link=151028728,1
link=151028730,1

[ENTRY]
ID=151041249
Asset=Prop-Burnt_Pines#Prop-Burnt_Pine2
Pos=55569.8,1015.13,64625
Orient=0.0222786,0.890929,0.140531,0.431278
Scale=2.125,2.125,2.125
Flags=1

[ENTRY]
ID=151041251
Asset=Prop-Burnt_Pines#Prop-Burnt_Pine4
Pos=55595.3,1015.45,64504
Orient=-0.313219,-0.180484,-0.0710155,0.929665
Scale=2.125,2.125,2.125
Flags=1

