[ENTRY]
ID=151051958
Asset=Manipulator-SpawnPoint
Pos=56414.1,402.46,44769
Orient=0,-0.188859,0,0.982004
Scale=1.025,1.025,1.025
links_count=1
link=151051959,1
spawnPackage=3a_bearThumperCamp02_general

[ENTRY]
ID=151051959
Asset=Manipulator#Manipulator-PathNode
Pos=56837.2,393.784,44984
Orient=0,0,0,1
Scale=1,1,1
links_count=1
link=151051958,1

