[ENTRY]
ID=151053415
Asset=Manipulator-SpawnPoint
Pos=57512.6,366.903,43154
Orient=0,-0.29552,0,0.955337
Scale=0.925,0.925,0.925
links_count=1
link=151053416,1
spawnPackage=3a_sectionC1_general

[ENTRY]
ID=151053417
Asset=Manipulator-SpawnPoint
Pos=57697,367.063,43307
Orient=0,-0.059964,0,0.998201
Scale=0.925,0.925,0.925
links_count=1
link=151053418,1
spawnPackage=3a_sectionC1_general

[ENTRY]
ID=151053423
Asset=Manipulator-SpawnPoint
Pos=57289.8,259.094,43365
Orient=0,0,0,1
Scale=1,1,1
spawnPackage=3a_sectionC1_general
outerRadius=20

