[ENTRY]
ID=151028766
Asset=Manipulator-SpawnPoint
Pos=57633.7,940.369,62151
Orient=0,0,0,1
Scale=1,1,1
innerRadius=95
spawnPackage=11_dth_wilds_42_43
outerRadius=100

[ENTRY]
ID=151040200
Asset=CL-GrunsBush_4#CL-GrunsBush_4
Pos=57492.8,804.899,61891
Orient=0,-0.849481,0,0.52762
Scale=3.075,3.075,3.075
Flags=1

[ENTRY]
ID=151040201
Asset=CL-GrunsBush_5#CL-GrunsBush_5
Pos=57280.6,757.57,61640
Orient=0,0,0,1
Scale=1.75,1.75,1.75
Flags=1

