[ENTRY]
ID=150999889
Asset=CL-Plains_Bush2#CL-Plains_Bush2
Pos=57871.8,385.548,35736
Orient=0,-0.707106,0,0.707107
Scale=1,1,1
Flags=1

[ENTRY]
ID=151034500
Asset=CL-Camp_Raider1
Pos=58108,406.438,35411
Orient=0,0,0,1
Scale=1,1,1

[ENTRY]
ID=151055866
Asset=Manipulator-SpawnPoint
Pos=58067.1,491.245,35925
Orient=0,0,0,1
Scale=1,1,1
spawnPackage=2a_rhl_sectionA2_general
outerRadius=30

