[ENTRY]
ID=151058357
Asset=Prop-Lily_Pads1
Pos=59241.1,708.279,47163
Orient=0,0,0,1
Scale=1.65,1.65,1.65
Flags=1

[ENTRY]
ID=151060046
Asset=Prop-Boulder2
Pos=59213.6,643.867,46700
Orient=0,0.564642,0,0.825336
Scale=7.2,7.2,7.2
Flags=1

[ENTRY]
ID=151061507
Asset=Prop-Interact_Rectangle
Pos=58995.3,774.72,46607.2
Orient=0,0.483807,0,0.875175
Scale=6.825,6.825,6.825

[ENTRY]
ID=151061508
Asset=Prop-Interact_Rectangle
Pos=59177.9,693.514,46688.4
Orient=0,0.597195,0,0.802096
Scale=6.825,6.825,6.825

