[ENTRY]
ID=151016907
Asset=Prop-Giant_Mushroom#Prop-Giant_Mushroom1
Pos=59137.8,607.761,54635
Orient=0.0224328,0.976519,0.172657,-0.126876
Scale=1,1,1

[ENTRY]
ID=151026837
Asset=Manipulator#Manipulator-PathNode
Pos=59164.6,608.546,54715
Orient=0,0,0,1
Scale=1,1,1
links_count=3
link=151026836,1
link=151026838,1
link=151026848,1

[ENTRY]
ID=151026848
Asset=Manipulator-SpawnPoint
Pos=59148.3,608.018,54684
Orient=0,0.556361,0,0.830941
Scale=1,1,1
links_count=1
link=151026837,1
spawnPackage=11_jld_junderbroodWorkskrill_k_43
outerRadius=5

[ENTRY]
ID=151026849
Asset=Manipulator-SpawnPoint
Pos=58978.8,817.314,54682
Orient=0,0.727726,0,0.685868
Scale=1,1,1
links_count=1
link=151026838,1
spawnPackage=11_jld_junderbroodWorkskrill_k_43
outerRadius=5

[ENTRY]
ID=151044446
Asset=Prop-Giant_Mushroom_Chopped#Prop-Giant_Mushroom_Stump
Pos=58938.8,610.224,54621
Orient=0,-0.862404,0,0.50622
Scale=1.725,1.725,1.725

