[ENTRY]
ID=151017115
Asset=CL-Skrill_Mound
Pos=59808.4,1166.51,58979
Orient=0,0.242556,0,0.970137
Scale=1.375,1.375,1.375
Flags=1

[ENTRY]
ID=151017119
Asset=CL-Skrill_Mound
Pos=59818.5,1735,58608
Orient=0,0.242556,0,0.970137
Scale=0.9,0.9,0.9
Flags=1

[ENTRY]
ID=151026941
Asset=Manipulator-SpawnPoint
Pos=59712.1,1160.68,59006
Orient=0,0,0,1
Scale=1,1,1
spawnPackage=11_jld_junderbroodSkrillmix_44
outerRadius=40

[ENTRY]
ID=151026943
Asset=Manipulator-SpawnPoint
Pos=59758.4,1731.01,58624
Orient=0,0,0,1
Scale=1,1,1
spawnPackage=11_jld_junderbroodSkrillmix_44
outerRadius=40

