[ENTRY]
ID=151002389
Asset=Prop-Henge-BlueStone
Pos=59253.5,261.089,45385
Orient=0.0539431,-0.634978,0.0445212,0.769357
Scale=2.1,2.1,2.1
Flags=1

[ENTRY]
ID=151051833
Asset=Manipulator-PathNode
Pos=59327.5,247.8,45001
Orient=0,0,0,1
Scale=1,1,1
links_count=1
link=151051832,1

[ENTRY]
ID=151051837
Asset=Manipulator-SpawnPoint
Pos=59297,233.585,45200
Orient=0,0.703279,0,0.710914
Scale=1,1,1
links_count=1
link=151051838,1
spawnPackage=3a_goliathCamps02_24_25

