[ENTRY]
ID=151044453
Asset=Prop-Giant_Mushroom_Chopped#Prop-Giant_Mushroom_Stump
Pos=60598.6,707.209,54589
Orient=-0.0343853,-0.859174,0.0204156,0.510118
Scale=1,1,1
Flags=1

[ENTRY]
ID=151044611
Asset=CL-AridBush6
Pos=60583.8,628.685,54498
Orient=0,0,0,1
Scale=2.725,2.725,2.725
Flags=1

[ENTRY]
ID=151044684
Asset=Prop-Giant_Mushroom#Prop-Giant_Mushroom1
Pos=60413.2,767.928,54442
Orient=0,0,0,1
Scale=1,1,1
Flags=1

[ENTRY]
ID=151044811
Asset=CL-AridBush1#CL-AridBush1
Pos=60403.7,769.431,54496
Orient=0,0,0,1
Scale=1.85,1.85,1.85
Flags=1

