[ENTRY]
ID=151017114
Asset=CL-Skrill_Mound
Pos=60069,1130.64,59601
Orient=0,0.609159,0,0.793048
Scale=1.375,1.375,1.375
Flags=1

[ENTRY]
ID=151017116
Asset=CL-Skrill_Mound
Pos=60202.3,1511.17,59259
Orient=0,0.375559,0,0.926799
Scale=1.15,1.15,1.15
Flags=1

[ENTRY]
ID=151026944
Asset=Manipulator-SpawnPoint
Pos=60192.7,1507.95,59269
Orient=0,0,0,1
Scale=1,1,1
innerRadius=45
spawnPackage=11_jld_junderbroodSkrillmix_44
outerRadius=55

[ENTRY]
ID=151026945
Asset=Manipulator-SpawnPoint
Pos=60014.7,1120.12,59660
Orient=0,0,0,1
Scale=1,1,1
spawnPackage=11_jld_junderbroodSkrillmix_44
outerRadius=40

[ENTRY]
ID=151026953
Asset=Manipulator#Manipulator-PathNode
Pos=60095.4,806.258,59995
Orient=0,0,0,1
Scale=1,1,1
links_count=2
link=151026952,1
link=151026954,1

