[ENTRY]
ID=151015215
Asset=CL-UndeadTree5#CL-UndeadTree5
Pos=60590.9,1075.76,63118
Orient=0,-0.80162,0,0.597834
Scale=0.875,0.875,0.875
Flags=1

[ENTRY]
ID=151029212
Asset=Manipulator-SpawnPoint
Pos=60580.6,1230.27,63183
Orient=0,0,0,1
Scale=0.95,0.95,0.95
links_count=1
link=151029213,1
spawnPackage=11_dth_wilds_42_43
outerRadius=10

[ENTRY]
ID=151040169
Asset=CL-GrunsBush_1#CL-GrunsBush_1
Pos=60348.5,1090.55,63308
Orient=0,0,0,1
Scale=2.475,2.475,2.475
Flags=1

