[ENTRY]
ID=151051594
Asset=Manipulator-SpawnPoint
Pos=60301.4,190.616,49442
Orient=0,-0.857299,0,0.514819
Scale=1,1,1
links_count=1
link=151051596,1
spawnPackage=3a_wolfCamp01_general

[ENTRY]
ID=151051693
Asset=Manipulator-SpawnPoint
Pos=60015.9,249.913,49313
Orient=0,-0.854714,0,0.519099
Scale=0.925,0.925,0.925
links_count=1
link=151051695,1
spawnPackage=3a_wolfDeerCamp01_general

