[ENTRY]
ID=150999911
Asset=CL-Plains_Bush2#CL-Plains_Bush2
Pos=60421.3,386.847,35086
Orient=0,0,0,1
Scale=1,1,1

[ENTRY]
ID=151034483
Asset=Prop-Wooden_Tower
Pos=60014.4,492.396,34709
Orient=0,0.0499792,0,0.99875
Scale=3,3,3
Flags=1

[ENTRY]
ID=151055881
Asset=Manipulator-SpawnPoint
Pos=60647,380.045,34852
Orient=0,0,0,1
Scale=1,1,1
spawnPackage=2a_rhl_sectionA2_general
outerRadius=30

[ENTRY]
ID=151055965
Asset=Manipulator-SpawnPoint
Pos=60529.6,416.786,35233
Orient=0,0,0,1
Scale=1,1,1
spawnPackage=2a_rhl_sectionA2_general
outerRadius=30

[ENTRY]
ID=151055988
Asset=Manipulator-PathNode
Pos=60683.4,392.21,34915
Orient=0,0,0,1
Scale=1,1,1
links_count=2
link=151055987,1
link=151055989,1

