[ENTRY]
ID=150999908
Asset=CL-Rock-Clutter#CL-Rock-Clutter
Pos=60832.5,442.236,37425
Orient=0,0,0,1
Scale=1,1,1
Flags=1

[ENTRY]
ID=151055895
Asset=Manipulator-SpawnPoint
Pos=61174.3,416.49,37359
Orient=0,0,0,1
Scale=1,1,1
spawnPackage=2a_rhl_sectionA2_general
outerRadius=30

[ENTRY]
ID=151055937
Asset=Manipulator-SpawnPoint
Pos=60812.9,428.215,36800
Orient=0,0,0,1
Scale=1,1,1
spawnPackage=2a_rhl_sectionA2_trees
outerRadius=30

[ENTRY]
ID=151055966
Asset=Manipulator-SpawnPoint
Pos=61338.3,456.693,36880
Orient=0,0,0,1
Scale=1,1,1
spawnPackage=2a_rhl_sectionA2_general
outerRadius=30

[ENTRY]
ID=151055981
Asset=Manipulator-SpawnPoint
Pos=60825.8,476.876,37283
Orient=0,0.674288,0,0.738469
Scale=0.975,0.975,0.975
links_count=2
link=151055982,1
link=151055984,1
spawnPackage=2a_rhl_sectionA2_flier

