[ENTRY]
ID=1127756
Asset=Manipulator#Manipulator-SpawnPoint
Name=Untitled
Pos=61268,1012.25,69559.2
Orient=0,-0.744643,0,0.667463
Scale=1,1,1
spawnPackage=11_dth_wilds_44_45_south

[ENTRY]
ID=1127757
Asset=Manipulator#Manipulator-SpawnPoint
Name=Untitled
Pos=61301,981.758,69689.9
Orient=0,0,0,1
Scale=1,1,1
spawnPackage=11_dth_wilds_44_45_south
wanderRadius=60

[ENTRY]
ID=151015685
Asset=Prop-Dungeon-Entrance-Mine1#Prop-Dungeon-Entrance-Mine1
Name=Untitled
Pos=61011.4,1360.36,69194
Orient=0,-0.501213,0,0.865324
Scale=1.575,1.575,1.575
Flags=1

[ENTRY]
ID=151015686
Asset=Prop-Ladder1#Prop-Ladder1
Name=Untitled
Pos=60791.3,1201.91,69184
Orient=0.139427,0.989392,0.00569127,0.040386
Scale=5.4,5.4,5.4
Flags=1

[ENTRY]
ID=151015726
Asset=Prop-Boulder_Scary#Prop-Boulder_Scary2
Name=Untitled
Pos=60822.5,1149.95,69392
Orient=0,0.816314,0,0.577609
Scale=0.8,0.8,0.8
Flags=1

[ENTRY]
ID=151029294
Asset=Manipulator-PathNode
Name=Untitled
Pos=61428.6,985.903,69702
Orient=0,0,0,1
Scale=1,1,1
links_count=1
link=151029293,1

