[ENTRY]
ID=151055894
Asset=Manipulator-SpawnPoint
Pos=61205.9,392.863,37898
Orient=0,0,0,1
Scale=1,1,1
spawnPackage=2a_rhl_sectionA2_general
outerRadius=30

[ENTRY]
ID=151055967
Asset=Manipulator-SpawnPoint
Pos=60827.3,392.053,37601
Orient=0,0,0,1
Scale=1,1,1
spawnPackage=2a_rhl_sectionA2_general
outerRadius=30

[ENTRY]
ID=151055994
Asset=Manipulator-SpawnPoint
Pos=61055.3,393.672,38015
Orient=0,0.999023,0,-0.0441893
Scale=1,1,1
links_count=1
link=151055995,1
spawnPackage=2a_rhl_sectionA2_flier

