[ENTRY]
ID=151051569
Asset=Manipulator-SpawnPoint
Pos=61343.4,193.438,53440
Orient=0,0.706825,0,0.707388
Scale=1,1,1
links_count=1
link=151051584,1
spawnPackage=3a_wolfCamp01_general

[ENTRY]
ID=151051576
Asset=Manipulator-PathNode
Pos=60887.9,291.692,53400
Orient=0,0,0,1
Scale=1,1,1
links_count=1
link=151051575,1

