[ENTRY]
ID=151017291
Asset=CL-AridBush6#CL-AridBush6
Pos=61746.3,1066.78,56048
Orient=0,0,0,1
Scale=2.225,2.225,2.225
Flags=1

[ENTRY]
ID=151044489
Asset=Prop-Giant_Mushroom#Prop-Giant_Mushroom1
Pos=61720.3,1065.51,55937
Orient=0,0,0,1
Scale=0.5,0.5,0.5
Flags=1

[ENTRY]
ID=151044490
Asset=Prop-Giant_Mushroom#Prop-Giant_Mushroom2
Pos=61608.6,1062.47,55929
Orient=-0.0998334,0,0,0.995004
Scale=1,1,1
Flags=1

[ENTRY]
ID=151044491
Asset=Prop-Giant_Mushroom#Prop-Giant_Mushroom3
Pos=61577.7,1055.74,56177
Orient=0,0.9871,0,0.160104
Scale=0.425,0.425,0.425
Flags=1

