[ENTRY]
ID=151021063
Asset=Prop-Swineland-Junk_Pile2
Pos=62155.3,396.931,48723
Orient=0,0.648034,0,0.761612
Scale=2.55,2.55,2.55
Flags=1

[ENTRY]
ID=151021123
Asset=Prop-Dvergar_Equipment#Prop-Dvergar_Scaffolding
Pos=62048.9,200.135,48528
Orient=0,0.475032,0,0.879969
Scale=3.5,3.5,3.5
Flags=1

[ENTRY]
ID=151021129
Asset=Prop-Dvergar_Scaffolding
Pos=62048.9,474.23,48455
Orient=0,0.475032,0,0.879969
Scale=4.2,4.2,4.2
Flags=1

