[ENTRY]
ID=151021043
Asset=Prop-Dvergar_Scaffolding
Pos=61794.6,219.669,50250
Orient=0,0.104807,0,0.994493
Scale=5.575,5.575,5.575
Flags=1

[ENTRY]
ID=151021066
Asset=Prop-Swineland-Junk_Pile2
Pos=61961.4,404.514,50348
Orient=0,-0.227977,0,0.973666
Scale=1.15,1.15,1.15
Flags=1

[ENTRY]
ID=151021254
Asset=CL-AridBush3#CL-AridBush3
Pos=62193.5,384.573,50389
Orient=0,0,0,1
Scale=1,1,1
Flags=1

