[ENTRY]
ID=151056466
Asset=Manipulator-SpawnPoint
Pos=61912.2,386.97,42266
Orient=0,0,0,1
Scale=1,1,1
spawnPackage=2a_rhl_sectionA9_general
outerRadius=20

[ENTRY]
ID=151056497
Asset=Manipulator-SpawnPoint
Pos=61922.2,305.549,42607
Orient=0,-0.999816,0,-0.0192024
Scale=1,1,1
spawnPackage=2a_rhl_spiderRuinsCamp_general

[ENTRY]
ID=151056502
Asset=Manipulator-PathNode
Pos=62107.2,284.047,42568
Orient=0,0,0,1
Scale=1,1,1
links_count=1
link=151056501,1

