[ENTRY]
ID=151011704
Asset=Manipulator-SpawnPoint
Pos=61937.2,131.31,32219
Orient=0,0,0,1
Scale=1,1,1
spawnPackage=2_stc_beach_25_26
outerRadius=5

[ENTRY]
ID=151011708
Asset=Manipulator-SpawnPoint
Pos=61642.8,115.688,32093
Orient=0,0,0,1
Scale=1,1,1
spawnPackage=2_stc_beach_25_26
outerRadius=5

[ENTRY]
ID=151054587
Asset=Par-Waves-1-Emitter
Pos=62031.5,65.4437,31920
Orient=0,0.999232,0,-0.0391936
Scale=1,1,1
Flags=1

[ENTRY]
ID=151054590
Asset=Par-Waves-1-Emitter
Pos=61707.8,65.4437,31888
Orient=0,0.999232,0,-0.0391936
Scale=1.5,1.5,1.5
Flags=1

