[ENTRY]
ID=151015233
Asset=CL-UndeadBoulder3#CL-UndeadBoulder3
Pos=62914.4,892.533,64608
Orient=0,0.944148,0,0.329522
Scale=1,1,1

[ENTRY]
ID=151029250
Asset=Manipulator-SpawnPoint
Pos=62556.8,1012.92,64636
Orient=0,0,0,1
Scale=1,1,1
innerRadius=95
spawnPackage=11_dth_wilds_42_43
outerRadius=100

[ENTRY]
ID=151040361
Asset=CL-GrunsBush_5#CL-GrunsBush_5
Pos=62474.4,908.812,64848
Orient=0,0,0,1
Scale=1.725,1.725,1.725

[ENTRY]
ID=151040695
Asset=Prop-Tombstone#Prop-Tombstone_Large2
Pos=62708.4,930.551,64530
Orient=0.041041,0.0971275,-0.134222,0.985326
Scale=2.3,2.3,2.3

