[ENTRY]
ID=1127659
Asset=Manipulator#Manipulator-SpawnPoint
Name=
Pos=62602.5,913.255,64908.6
Orient=0,0,0,1
Scale=1,1,1
spawnPackage=11_dth_wilds_42_43
wanderRadius=100

[ENTRY]
ID=1127662
Asset=Manipulator#Manipulator-PathNode
Name=
Pos=62669.5,929.569,64577.6
Orient=0,0,0,1
Scale=1,1,1
links_count=1
link=1127661,1

[ENTRY]
ID=151015233
Asset=CL-UndeadBoulder3#CL-UndeadBoulder3
Name=Untitled
Pos=62914.4,892.533,64608
Orient=0,0.944148,0,0.329522
Scale=1,1,1

[ENTRY]
ID=151029250
Asset=Manipulator-SpawnPoint
Name=Untitled
Pos=62577.6,938.103,64553.3
Orient=0,0,0,1
Scale=1,1,1
spawnPackage=11_dth_wilds_42_43
wanderRadius=100

[ENTRY]
ID=151040361
Asset=CL-GrunsBush_5#CL-GrunsBush_5
Name=Untitled
Pos=62474.4,908.812,64848
Orient=0,0,0,1
Scale=1.725,1.725,1.725

[ENTRY]
ID=151040695
Asset=Prop-Tombstone#Prop-Tombstone_Large2
Name=Untitled
Pos=62708.4,930.551,64530
Orient=0.041041,0.0971275,-0.134222,0.985326
Scale=2.3,2.3,2.3

