[ENTRY]
ID=151011702
Asset=Manipulator-SpawnPoint
Pos=62517,173.564,32227
Orient=0,0,0,1
Scale=1,1,1
spawnPackage=2_stc_beach_25_26
outerRadius=5

[ENTRY]
ID=151011703
Asset=Manipulator-SpawnPoint
Pos=62250.4,129.513,32172
Orient=0,0,0,1
Scale=1,1,1
spawnPackage=2_stc_beach_25_26
outerRadius=5

[ENTRY]
ID=151011705
Asset=Manipulator-SpawnPoint
Pos=62397,95.8114,31589
Orient=0,0,0,1
Scale=1,1,1
spawnPackage=2_stc_beach_25_26
outerRadius=5

[ENTRY]
ID=151054548
Asset=Par-Waves-1-Emitter
Pos=62827.2,60.8539,31808
Orient=0,-0.997248,0,-0.074137
Scale=2,2,2
Flags=1

