[ENTRY]
ID=151040420
Asset=CL-GrunsBush_2#CL-GrunsBush_2
Pos=63239.9,864.271,69220
Orient=0,-0.804599,0,0.593819
Scale=2.25,2.25,2.25
Flags=1

[ENTRY]
ID=151040576
Asset=Prop-Crypt_Coffin
Pos=63093.8,892.523,69315
Orient=-0.229408,-0.104983,0.384558,0.887956
Scale=2.175,2.175,2.175
Flags=1

[ENTRY]
ID=151040580
Asset=CL-GrunsBush_2#CL-GrunsBush_2
Pos=63052.5,876.902,69331
Orient=0,0,0,1
Scale=1.725,1.725,1.725
Flags=1

