[ENTRY]
ID=151011701
Asset=Manipulator-SpawnPoint
Pos=63677,73.0526,31784
Orient=0,0,0,1
Scale=1,1,1
spawnPackage=2_stc_beach_25_26
outerRadius=5

[ENTRY]
ID=151054583
Asset=Par-Waves-1-Emitter
Pos=63576.1,60.8539,31521
Orient=0,-0.981854,0,0.18964
Scale=1,1,1

[ENTRY]
ID=151054585
Asset=Par-Waves-1-Emitter
Pos=63250.4,60.8539,31729
Orient=0,-0.972329,0,0.233616
Scale=2,2,2

