[ENTRY]
ID=151025300
Asset=CL-Sick-Pine4#CL-Sick-Pine4
Name=Untitled
Pos=63224.9,796.233,52240
Orient=-0.0349929,0,0,0.999388
Scale=1.75,1.75,1.75

[ENTRY]
ID=151030511
Asset=Manipulator-SpawnPoint
Name=Untitled
Pos=63345.7,811.109,52361.2
Orient=0,0,0,1
Scale=1,1,1
spawnPackage=12_wpg_Wilds_44_45
wanderRadius=100

[ENTRY]
ID=151030534
Asset=Manipulator-SpawnPoint
Name=Untitled
Pos=63625.8,724.024,52492.2
Orient=0,0,0,1
Scale=1,1,1
spawnPackage=12_wpg_Wilds_44_45
wanderRadius=100

[ENTRY]
ID=151030535
Asset=Manipulator-SpawnPoint
Name=Untitled
Pos=63524.4,723.382,52027.6
Orient=0,0,0,1
Scale=1,1,1
spawnPackage=12_wpg_Wilds_44_45
wanderRadius=130

