[ENTRY]
ID=1127740
Asset=Manipulator#Manipulator-PathNode
Name=
Pos=63026.3,996.377,70457.6
Orient=0,0,0,1
Scale=1,1,1
links_count=2
link=1127741,1
link=1127739,1

[ENTRY]
ID=151040449
Asset=CL-GrunsBush_3#CL-GrunsBush_3
Name=Untitled
Pos=63032.4,1000,70343
Orient=0,-0.628793,0,0.777573
Scale=1.875,1.875,1.875
Flags=3

