[ENTRY]
ID=1150171
Asset=Manipulator#Manipulator-PathNode
Name=
Pos=63578.7,677.59,53491.7
Orient=0,0,0,1
Scale=1,1,1
links_count=1
link=151030504,1

[ENTRY]
ID=151049917
Asset=Prop-Boulder_Arid#Prop-Boulder_Arid2
Name=Untitled
Pos=63632.2,596.324,53587
Orient=0,0,0,1
Scale=7.575,7.575,7.575
Flags=1

[ENTRY]
ID=151049922
Asset=Prop-Boulder_Arid#Prop-Boulder_Arid7
Name=Untitled
Pos=63385.3,434.488,53833
Orient=0,0.522687,0,0.852525
Scale=2.4,2.4,2.4
Flags=1

