[ENTRY]
ID=151029260
Asset=Manipulator#Manipulator-PathNode
Pos=63150.3,966.186,66842
Orient=0,0,0,1
Scale=1,1,1
links_count=2
link=151029259,1
link=151029261,1

[ENTRY]
ID=151029261
Asset=Manipulator-PathNode
Pos=63174.5,955.178,67109
Orient=0,0,0,1
Scale=1,1,1
links_count=1
link=151029260,1

[ENTRY]
ID=151029274
Asset=Manipulator-SpawnPoint
Pos=63084.2,994.558,67076
Orient=0,0,0,1
Scale=1,1,1
spawnPackage=11_dth_wilds_44_45_north
outerRadius=10

[ENTRY]
ID=151040400
Asset=CL-GrunsBush_5#CL-GrunsBush_5
Pos=63180.8,861.755,67169
Orient=0,0,0,1
Scale=1.65,1.65,1.65
Flags=1

[ENTRY]
ID=151040401
Asset=CL-GrunsBush_1#CL-GrunsBush_1
Pos=63273.2,863.18,66869
Orient=0,0,0,1
Scale=1.475,1.475,1.475
Flags=1

[ENTRY]
ID=151040548
Asset=CL-Bramble_Thicket1#CL-Bramble_Thicket1
Pos=63273.4,863.843,66959
Orient=0,0.659385,0,0.751806
Scale=1.95,1.95,1.95

