[ENTRY]
ID=151024633
Asset=Prop-Boulder_Arid#Prop-Boulder_Arid4
Pos=63648.3,764.395,57219
Orient=0,0.846832,0,0.531861
Scale=5.85,5.85,5.85
Flags=1

[ENTRY]
ID=151047564
Asset=CL-AridBush3#CL-AridBush3
Pos=63195,1049.85,57148
Orient=0,0,0,1
Scale=1,1,1
Flags=1

[ENTRY]
ID=151047565
Asset=CL-AridBush4#CL-AridBush4
Pos=63198.5,1047.97,57185
Orient=0,0,0,1
Scale=1,1,1
Flags=1

