[ENTRY]
ID=151025300
Asset=CL-Sick-Pine4#CL-Sick-Pine4
Pos=63224.9,796.233,52240
Orient=-0.0349929,0,0,0.999388
Scale=1.75,1.75,1.75

[ENTRY]
ID=151030511
Asset=Manipulator-SpawnPoint
Pos=63253.8,827.587,52424
Orient=0,0,0,1
Scale=1,1,1
innerRadius=50
spawnPackage=12_wpg_Wilds_44_45
outerRadius=60

[ENTRY]
ID=151030535
Asset=Manipulator-SpawnPoint
Pos=63682.9,714.569,52152
Orient=0,0,0,1
Scale=1,1,1
innerRadius=50
spawnPackage=12_wpg_Wilds_44_45
outerRadius=100

