[ENTRY]
ID=1150031
Asset=Prop-Swineland_Junk#Prop-Swineland-Junk_Pile1
Name=
Pos=63124.9,611.404,51655.4
Orient=0,0,0,1
Scale=3,3,3

[ENTRY]
ID=151018552
Asset=Prop-Lamp_Post_Junk#Prop-Lamp_Post_Junk2
Name=Untitled
Pos=63655.8,701.493,51580
Orient=0,0.841471,0,0.540302
Scale=1.15,1.15,1.15
Flags=1

[ENTRY]
ID=151018553
Asset=CL-AridBush4#CL-AridBush4
Name=Untitled
Pos=63654.5,701.387,51595
Orient=0,0,0,1
Scale=0.45,0.45,0.45
Flags=1

