[ENTRY]
ID=151037257
Asset=CL-Autumn_Forest3#CL-Autumn_Forest3
Pos=63556.3,480.275,42792
Orient=0,-0.104807,0,0.994493
Scale=1,1,1
Flags=1

[ENTRY]
ID=151056455
Asset=Manipulator-SpawnPoint
Pos=63290.7,423.088,43276
Orient=0,0,0,1
Scale=1,1,1
spawnPackage=2a_rhl_sectionA9_general
outerRadius=30

[ENTRY]
ID=151056487
Asset=Manipulator-SpawnPoint
Pos=63454.1,471.533,42989
Orient=0,0,0,1
Scale=1,1,1
spawnPackage=2a_rhl_sectionA9_flier
outerRadius=1

