[ENTRY]
ID=151056095
Asset=Manipulator-SpawnPoint
Pos=63730.7,439.813,32769
Orient=0,0,0,1
Scale=1,1,1
spawnPackage=2a_stc_sectionA6_general
outerRadius=30

[ENTRY]
ID=151056097
Asset=Manipulator-SpawnPoint
Pos=63390.1,409.739,32493
Orient=0,-0.261909,0,0.965093
Scale=1,1,1
links_count=1
link=151056098,1
spawnPackage=2a_stc_sectionA6_general

