[ENTRY]
ID=151054544
Asset=Effects#Par-Waves-1-Emitter
Pos=64470.6,61.5485,31414
Orient=0,0.981202,0,-0.192986
Scale=2,2,2
Flags=1

