[ENTRY]
ID=151021053
Asset=CL-Sick-Pine6
Pos=63808.2,795.137,50574
Orient=0,-0.737931,0,0.674876
Scale=1.575,1.575,1.575
Flags=1

[ENTRY]
ID=151030516
Asset=Manipulator-SpawnPoint
Pos=63839.8,773.25,50836
Orient=0,0,0,1
Scale=1,1,1
innerRadius=50
spawnPackage=12_wpg_Wilds_44_45
outerRadius=100

