[ENTRY]
ID=151017973
Asset=CL-Sick-Pine3#CL-Sick-Pine3
Pos=64458.9,766.509,51098
Orient=0,-0.514136,0,0.857709
Scale=5.7,5.7,5.7
Flags=1

[ENTRY]
ID=151030518
Asset=Manipulator-SpawnPoint
Pos=63847.9,740.321,51159
Orient=0,0,0,1
Scale=1,1,1
innerRadius=50
spawnPackage=12_wpg_Wilds_44_45
outerRadius=100

