[ENTRY]
ID=151037240
Asset=CL-Autumn_Forest5#CL-Autumn_Forest5
Pos=64476.5,423.296,40378
Orient=0,0,0,1
Scale=0.675,0.675,0.675
Flags=1

[ENTRY]
ID=151046029
Asset=CL-Fence-Stone_Blue4#CL-Fence-Stone_Blue4
Pos=64244.2,417.203,39835.1
Orient=0.0685103,-0.853094,-0.0425489,0.515486
Scale=1.5,1.5,1.5

[ENTRY]
ID=151056461
Asset=Manipulator-SpawnPoint
Pos=64060.4,379.108,40396
Orient=0,0,0,1
Scale=1,1,1
spawnPackage=2a_rhl_sectionA9_general
outerRadius=30

[ENTRY]
ID=151056490
Asset=Manipulator-SpawnPoint
Pos=64292.1,406.868,40322
Orient=0,-0.585097,0,0.810963
Scale=1,1,1
links_count=1
link=151056491,1
spawnPackage=2a_rhl_sectionA9_flier

