[ENTRY]
ID=1150005
Asset=Manipulator#Manipulator-SpawnPoint
Name=
Pos=64092.2,943.881,49214.2
Orient=0,0,0,1
Scale=1,1,1
spawnPackage=12_wpg_Wilds_44_45
wanderRadius=100

[ENTRY]
ID=1150009
Asset=Manipulator#Manipulator-PathNode
Name=
Pos=64293.7,866.396,49267.8
Orient=0,0,0,1
Scale=1,1,1
links_count=1
link=1150007,1

[ENTRY]
ID=151017976
Asset=CL-Sick-Pine3#CL-Sick-Pine3
Name=Untitled
Pos=64498.8,867.42,49325
Orient=0,0,0,1
Scale=3.55,3.55,3.55
Flags=1

[ENTRY]
ID=151021263
Asset=CL-AridBush3#CL-AridBush3
Name=Untitled
Pos=63760.4,788.497,49423
Orient=0,0.342898,0,0.939373
Scale=1.8,1.8,1.8
Flags=1

[ENTRY]
ID=151030065
Asset=Manipulator-SpawnPoint
Name=Untitled
Pos=64216.3,866.354,49369
Orient=0,0,0,1
Scale=1,1,1
spawnPackage=12_wpg_Wilds_44_45
wanderRadius=80

