[ENTRY]
ID=151011698
Asset=Manipulator-SpawnPoint
Pos=64450,80.0031,31771
Orient=0,0,0,1
Scale=1,1,1
spawnPackage=2_stc_beach_25_26
outerRadius=5

[ENTRY]
ID=151011699
Asset=Manipulator-SpawnPoint
Pos=64140.3,100.941,31899
Orient=0,0,0,1
Scale=1,1,1
spawnPackage=2_stc_beach_25_26
outerRadius=5

[ENTRY]
ID=151011700
Asset=Manipulator-SpawnPoint
Pos=63945.2,70.267,31681
Orient=0,0,0,1
Scale=1,1,1
spawnPackage=2_stc_beach_25_26
outerRadius=5

[ENTRY]
ID=151054547
Asset=Effects#Par-Waves-1-Emitter
Pos=63950.9,60.8539,31521
Orient=0,-0.997248,0,-0.0741365
Scale=1,1,1

