[ENTRY]
ID=151017976
Asset=CL-Sick-Pine3#CL-Sick-Pine3
Pos=64498.8,867.42,49325
Orient=0,0,0,1
Scale=3.55,3.55,3.55

[ENTRY]
ID=151021263
Asset=CL-AridBush3#CL-AridBush3
Pos=63760.4,788.497,49423
Orient=0,0.342898,0,0.939373
Scale=1.8,1.8,1.8
Flags=1

[ENTRY]
ID=151030065
Asset=Manipulator-SpawnPoint
Pos=64216.3,866.354,49369
Orient=0,0,0,1
Scale=1,1,1
innerRadius=50
spawnPackage=12_wpg_Wilds_44_45
outerRadius=80

