[ENTRY]
ID=150999112
Asset=Autumn_Forest?d=123456&s=0.9&sz=800
Pos=64088.4,422.308,45179
Orient=0,0,0,1
Scale=1,1,1
Flags=1

[ENTRY]
ID=151057068
Asset=Manipulator-SpawnPoint
Pos=64236.9,450.707,45429
Orient=0,0,0,1
Scale=1,1,1
spawnPackage=2a_rhl_sectionB2_general
outerRadius=30

[ENTRY]
ID=151057080
Asset=Manipulator-SpawnPoint
Pos=64015.9,454.399,45619
Orient=0,0.930216,0,0.367013
Scale=1,1,1
links_count=1
link=151057081,1
spawnPackage=2a_rhl_sectionB2_general

[ENTRY]
ID=151057081
Asset=Manipulator#Manipulator-PathNode
Pos=63791.2,504.147,45421
Orient=0,0,0,1
Scale=1,1,1
links_count=2
link=151057080,1
link=151057082,1

[ENTRY]
ID=151057082
Asset=Manipulator-PathNode
Pos=63764.3,484.142,45214
Orient=0,0,0,1
Scale=1,1,1
links_count=1
link=151057081,1

