[ENTRY]
ID=1150014
Asset=Manipulator#Manipulator-PathNode
Name=
Pos=64201.3,804.495,51050.6
Orient=0,0,0,1
Scale=1,1,1
links_count=2
link=1150013,1
link=1150015,1

[ENTRY]
ID=1150026
Asset=Manipulator-PathNode
Name=
Pos=64491.2,867.709,51346.4
Orient=0,0,0,1
Scale=1,1,1
links_count=2
link=1150027,1
link=1150025,1

[ENTRY]
ID=151017973
Asset=CL-Sick-Pine3#CL-Sick-Pine3
Name=Untitled
Pos=64458.9,766.509,51098
Orient=0,-0.514136,0,0.857709
Scale=5.7,5.7,5.7
Flags=1

[ENTRY]
ID=151030518
Asset=Manipulator-SpawnPoint
Name=Untitled
Pos=63940.3,736.809,51168.3
Orient=0,0,0,1
Scale=1,1,1
spawnPackage=12_wpg_Wilds_44_45
wanderRadius=100

[ENTRY]
ID=151030524
Asset=Manipulator-SpawnPoint
Name=Untitled
Pos=64451.8,850.278,51170.1
Orient=0,0,0,1
Scale=1,1,1
spawnPackage=12_wpg_Wilds_44_45
links_count=2
link=1150027,1
link=1150029,1

