[ENTRY]
ID=1128577
Asset=Prop-Interact1#Prop-Interact_Rectangle
Name=
Pos=64066.4,654.159,54123.3
Orient=0.614349,0.303659,-0.34217,0.642873
Scale=30,30,30

[ENTRY]
ID=151030502
Asset=Manipulator-SpawnPoint
Name=Untitled
Pos=64424.4,683.587,54239
Orient=0,0,0,1
Scale=1,1,1
Flags=1
spawnPackage=12_wpg_Wilds_44_45

