[ENTRY]
ID=151046033
Asset=CL-Fence-Stone_Blue3
Pos=65181.2,440.288,38931
Orient=0,0.20846,0,0.978031
Scale=1,1,1

[ENTRY]
ID=151056007
Asset=Manipulator-SpawnPoint
Pos=64570.2,420.803,38708
Orient=0,0,0,1
Scale=1,1,1
spawnPackage=2a_rhl_sectionA8_general
outerRadius=30

[ENTRY]
ID=151056008
Asset=Manipulator-SpawnPoint
Pos=64847.2,395.469,38644
Orient=0,0,0,1
Scale=1,1,1
links_count=1
link=151056032,1
spawnPackage=2a_rhl_sectionA8_general

[ENTRY]
ID=151056032
Asset=Manipulator#Manipulator-PathNode
Pos=65238.5,397.749,38654
Orient=0,0,0,1
Scale=1,1,1
links_count=2
link=151056008,1
link=151056033,1

[ENTRY]
ID=151056062
Asset=Manipulator-PathNode
Pos=65111.8,325.216,38382
Orient=0,0,0,1
Scale=1,1,1
links_count=1
link=151056061,1

