[ENTRY]
ID=151037289
Asset=Autumn_Forest?d=0.9&s=872356&sz=800
Pos=64519.4,757.96,47066
Orient=0,-0.53676,0,-0.843735
Scale=1.475,1.475,1.475
Flags=1

[ENTRY]
ID=151057054
Asset=Manipulator-SpawnPoint
Pos=65060.7,517.561,46921
Orient=0,0,0,1
Scale=1,1,1
spawnPackage=2a_rhl_sectionB2_general
outerRadius=30

[ENTRY]
ID=151057060
Asset=Manipulator-SpawnPoint
Pos=65188.2,516.526,46625
Orient=0,0,0,1
Scale=1,1,1
spawnPackage=2a_rhl_sectionB2_general
outerRadius=30

