[ENTRY]
ID=150999846
Asset=Autumn_Forest?d=123456&s=0.9&sz=800
Pos=64547.5,427.448,45155
Orient=0,-0.717356,0,0.696707
Scale=1,1,1
Flags=1

[ENTRY]
ID=151057073
Asset=Manipulator-SpawnPoint
Pos=65047.6,484.227,45466
Orient=0,0,0,1
Scale=1,1,1
spawnPackage=2a_rhl_sectionB2_general
outerRadius=30

[ENTRY]
ID=151057077
Asset=Manipulator-SpawnPoint
Pos=64636,518.418,45471
Orient=0,0,0,1
Scale=1,1,1
spawnPackage=2a_rhl_sectionB2_general
outerRadius=30

[ENTRY]
ID=151057079
Asset=Manipulator-SpawnPoint
Pos=64767,530.007,45208
Orient=0,-0.0249974,0,0.999687
Scale=1,1,1
spawnPackage=2a_rhl_sectionB2_general
outerRadius=30

