[ENTRY]
ID=151028456
Asset=Manipulator-SpawnPoint
Pos=64600.2,1052.16,62430
Orient=0,0,0,1
Scale=1,1,1
spawnPackage=11_dth_wilds_42_43
outerRadius=60

[ENTRY]
ID=151029228
Asset=Manipulator-SpawnPoint
Pos=64746.3,917.759,62897
Orient=0,0,0,1
Scale=1,1,1
innerRadius=65
spawnPackage=11_dth_wilds_42_43
outerRadius=70

[ENTRY]
ID=151029229
Asset=Manipulator-SpawnPoint
Pos=64937.6,933.214,62601
Orient=0,0,0,1
Scale=1,1,1
innerRadius=65
spawnPackage=11_dth_wilds_42_43
outerRadius=70

[ENTRY]
ID=151047580
Asset=CL-GrunsBush_1#CL-GrunsBush_1
Pos=64538.1,874.046,62929
Orient=0,0,0,1
Scale=1.8,1.8,1.8
Flags=1

[ENTRY]
ID=151047582
Asset=CL-GrunsBush_3#CL-GrunsBush_3
Pos=64775.4,865.371,62942
Orient=0,0.361615,0,0.932328
Scale=2.325,2.325,2.325
Flags=1

