[ENTRY]
ID=151017351
Asset=CL-AridBush1#CL-AridBush1
Pos=64916.3,895.318,61508
Orient=0,0.443948,0,0.896053
Scale=2.725,2.725,2.725
Flags=1

[ENTRY]
ID=151029234
Asset=Manipulator-SpawnPoint
Pos=65121.9,889.465,61751
Orient=0,0,0,1
Scale=1,1,1
innerRadius=75
spawnPackage=11_dth_wilds_42_43
outerRadius=80

[ENTRY]
ID=151047578
Asset=Prop-Boulder_Scary#Prop-Boulder_Scary5
Pos=65159.9,837.152,62059
Orient=-0.364198,-0.38084,0.580501,0.620756
Scale=1.875,1.875,1.875
Flags=1

