[ENTRY]
ID=151015321
Asset=Prop-Sick-Forest_Tree#Prop-Sick-Forest_Tree2
Pos=64951,555.971,58672
Orient=-0.0749297,0,0,0.997189
Scale=2.075,2.075,2.075
Flags=1

[ENTRY]
ID=151017094
Asset=CL-AridBush4#CL-AridBush4
Pos=64702.8,566.902,59145
Orient=0,0,0,1
Scale=1,1,1

[ENTRY]
ID=151027847
Asset=Manipulator-SpawnPoint
Pos=64628.1,567.132,58891
Orient=0,0,0,1
Scale=1,1,1
spawnPackage=11_jld_HogcatcherMix_43_44
outerRadius=200

