[ENTRY]
ID=151017975
Asset=CL-Sick-Pine2#CL-Sick-Pine2
Pos=64729.9,825.034,50191
Orient=0,0,0,1
Scale=2.175,2.175,2.175
Flags=1

[ENTRY]
ID=151018577
Asset=Prop-Tribal_Furniture#Prop-Tribal_Lamp1
Pos=64780.8,810.924,49654
Orient=0.0848977,0,0,0.99639
Scale=4,4,4

[ENTRY]
ID=151030084
Asset=Manipulator-SpawnPoint
Pos=65063.9,842.314,49743
Orient=0,0,0,1
Scale=1,1,1
innerRadius=50
spawnPackage=12_wpg_Wilds_44_45
outerRadius=80

