[ENTRY]
ID=151029607
Asset=Prop-Crystals_Blue#Prop-Crystal_Blue_Huge1
Pos=65592,529.639,65155
Orient=0,0,-0.0699422,0.997551
Scale=2.225,2.225,2.225
Flags=1

[ENTRY]
ID=151029660
Asset=Prop-Crystal_Blue_Huge3
Pos=65330.4,482.135,64658
Orient=0.164252,0,0,0.986418
Scale=2.5,2.5,2.5
Flags=1

[ENTRY]
ID=151029662
Asset=Prop-Crystal_Blue_Huge3
Pos=65663,557.549,65135
Orient=0.164252,0,0,0.986418
Scale=0.875,0.875,0.875
Flags=1

[ENTRY]
ID=151031057
Asset=Manipulator-SpawnPoint
Pos=65998,618.505,65144
Orient=0,0,0,1
Scale=1,1,1
innerRadius=20
spawnPackage=12_ice_Wilds_45_46
outerRadius=40

