[ENTRY]
ID=151018578
Asset=Prop-Tribal_Furniture#Prop-Tribal_Lamp1
Pos=65430.8,815.396,49167
Orient=-0.059964,0,0,0.998201
Scale=2.925,2.925,2.925

[ENTRY]
ID=151030086
Asset=Manipulator-SpawnPoint
Pos=65697,850.138,48756
Orient=0,0,0,1
Scale=1,1,1
innerRadius=50
spawnPackage=12_wpg_Wilds_44_45
outerRadius=80

