[ENTRY]
ID=1150208
Asset=Prop-Cave#Prop-Cave_Entrance1
Name=
Pos=65845.5,863.798,47963.6
Orient=-0.0649608,-0.873439,-0.0772483,0.476358
Scale=0.5,0.5,0.5
Flags=1

[ENTRY]
ID=1150209
Asset=CL-Forest#CL-Sick-Pine1
Name=
Pos=65818.5,876.535,47973.4
Orient=0,-0.543835,0,0.839192
Scale=1,1,1
Flags=1

