[ENTRY]
ID=1150210
Asset=Manipulator#Manipulator-SpawnPoint
Name=Untitled
Pos=65882.3,848.595,48015.9
Orient=0,-0.452886,0,0.891568
Scale=1,1,1
spawnPackage=12_wpg_Wilds_44_45

[ENTRY]
ID=151030086
Asset=Manipulator-SpawnPoint
Name=Untitled
Pos=65785.2,886.854,48613
Orient=0,0,0,1
Scale=1,1,1
spawnPackage=12_wpg_Wilds_44_45
wanderRadius=100

[ENTRY]
ID=151030093
Asset=Manipulator-SpawnPoint
Name=Untitled
Pos=65621.5,972.736,48292.4
Orient=0,0,0,1
Scale=1,1,1
spawnPackage=12_wpg_Wilds_44_45
wanderRadius=100

