[ENTRY]
ID=1150203
Asset=Prop-Swineland_Junk#Prop-Swineland-Junk_Pile1
Name=
Pos=65675.7,949.782,54247
Orient=0,-0.126255,-0,-0.991998
Scale=2,2,2

[ENTRY]
ID=1150204
Asset=Manipulator#Manipulator-SpawnPoint
Name=
Pos=65725.5,937.989,54115.6
Orient=0,0.543835,0,0.839192
Scale=1,1,1
spawnPackage=12_bhp_entrance_47

[ENTRY]
ID=1150205
Asset=Manipulator#Manipulator-SpawnPoint
Name=
Pos=65632.6,933.116,54100
Orient=0,0.609159,0,0.793048
Scale=1,1,1
spawnPackage=12_bhp_entrance_47

[ENTRY]
ID=151021396
Asset=CL-Sick-Pine1#CL-Sick-Pine1
Name=Untitled
Pos=65518,898.733,54019
Orient=0,0,0,1
Scale=2.725,2.725,2.725

[ENTRY]
ID=151030477
Asset=Manipulator-SpawnPoint
Name=Untitled
Pos=65939.9,1193.04,54499.7
Orient=0,0,0,1
Scale=1,1,1
spawnPackage=12_wpg_Wilds_44_45
wanderRadius=170

