[ENTRY]
ID=150999840
Asset=Autumn_Forest?d=0.9&s=123426&sz=800
Pos=65888,397.263,44941
Orient=0,0,0,1
Scale=1,1,1
Flags=1

[ENTRY]
ID=151057086
Asset=Manipulator-SpawnPoint
Pos=65550,480.86,44266
Orient=0,0,0,1
Scale=1,1,1
spawnPackage=2a_rhl_sectionB2_general
outerRadius=30

[ENTRY]
ID=151057114
Asset=Manipulator-SpawnPoint
Pos=65298.5,446.262,44898
Orient=0,-0.375559,0,0.926799
Scale=0.95,0.95,0.95
links_count=2
link=151057116,1
link=151057120,1
spawnPackage=2a_rhl_sectionB2_general

[ENTRY]
ID=151057122
Asset=Manipulator#Manipulator-PathNode
Pos=65771,445.867,44924
Orient=0,0,0,1
Scale=1,1,1
links_count=2
link=151057121,1
link=151057123,1

[ENTRY]
ID=151057123
Asset=Manipulator-PathNode
Pos=65513,448.923,44804
Orient=0,0,0,1
Scale=1,1,1
links_count=1
link=151057122,1

