[ENTRY]
ID=151021356
Asset=Bldg-Urban-Small_Facade4b#Bldg-Urban-Small_Facade4b?ATS=ATS-Warpig
Pos=65850,1446.13,52288
Orient=0,0.904412,0,0.42666
Scale=1.85,1.85,1.85
Flags=1

[ENTRY]
ID=151021401
Asset=Prop-Swineland-Junk_Pile#Prop-Swineland-Junk_Pile2
Pos=65635,1345.12,52138
Orient=0,-0.688921,0,0.724836
Scale=1.975,1.975,1.975
Flags=1

[ENTRY]
ID=151021416
Asset=CL-Swinland_JunkPile1
Pos=65481,1189.02,52413
Orient=0,-0.979908,0,0.199449
Scale=1.475,1.475,1.475

