[ENTRY]
ID=151004313
Asset=Prop-Autumn_Hill_Tree#Prop-Autumn_Hill_Tree4
Pos=65581,454.245,34538
Orient=0.0621258,-0.357169,-0.0776003,0.928735
Scale=1.25,1.25,1.25
Flags=1

[ENTRY]
ID=151036413
Asset=CL-Bush_Autumn3#CL-Bush_Autumn3
Pos=65605,449.88,34531
Orient=0,0.4852,0,-0.874403
Scale=2.225,2.225,2.225
Flags=1

[ENTRY]
ID=151056028
Asset=Manipulator-SpawnPoint
Pos=65381,406.21,35079.5
Orient=0,0,0,1
Scale=1,1,1
spawnPackage=2a_rhl_sectionA8_general
outerRadius=30

[ENTRY]
ID=151056034
Asset=Manipulator#Manipulator-PathNode
Pos=65923,558.544,35124
Orient=0,0,0,1
Scale=1,1,1
links_count=1
link=151056027,1

[ENTRY]
ID=151060322
Asset=Manipulator-SpawnPoint
Pos=65925.7,558.187,35111.8
Orient=0,0,0,1
Scale=1,1,1
spawnPackage=HOLIDAY_turkatrice_26_27
outerRadius=1

[ENTRY]
ID=151060840
Asset=Manipulator-SpawnPoint
Pos=65436.2,428.344,34912.3
Orient=0,0,0,1
Scale=1,1,1
links_count=1
link=151060841,1
spawnPackage=HOLIDAY_wf09_snowmanKing_30

