[ENTRY]
ID=151046025
Asset=CL-Fence-Stone_Long_Blue2#CL-Fence-Stone_Long_Blue2
Pos=65421.1,415.078,41254
Orient=0,-0.188859,0,0.982004
Scale=1,1,1
Flags=1

[ENTRY]
ID=151055522
Asset=Manipulator-PathNode
Pos=65368.5,378.987,41539
Orient=0,0,0,1
Scale=1,1,1
links_count=1
link=151055521,1

