[ENTRY]
ID=150999845
Asset=Autumn_Forest?d=0.9&s=871567&sz=800
Pos=66191,479.556,45911
Orient=0,-0.19867,0,0.980066
Scale=1.3,1.3,1.3
Flags=1

[ENTRY]
ID=151057064
Asset=Manipulator-PathNode
Pos=66018,456.275,46010
Orient=0,0,0,1
Scale=1,1,1
links_count=1
link=151057063,1

[ENTRY]
ID=151057103
Asset=Manipulator-SpawnPoint
Pos=66523,455.238,45811
Orient=0,0,0,1
Scale=1,1,1
spawnPackage=2a_rhl_sectionB2_general
outerRadius=30

