[ENTRY]
ID=151029230
Asset=Manipulator-SpawnPoint
Pos=66051,908.678,61338
Orient=0,0,0,1
Scale=1,1,1
spawnPackage=11_dth_wilds_42_43
outerRadius=10

[ENTRY]
ID=151047575
Asset=Prop-Boulder_Scary#Prop-Boulder_Scary2
Pos=66566.8,799.754,60881.4
Orient=0,-0.590431,0,-0.807088
Scale=2.95,2.95,2.95
Flags=1

[ENTRY]
ID=151062216
Asset=Prop-Boulder_Scary1
Pos=66334,892.527,61320
Orient=0,-0.9001,0,0.435683
Scale=2.95,2.95,2.95

