[ENTRY]
ID=151015306
Asset=Prop-Boulder_Scary#Prop-Boulder_Scary5
Pos=66027,694.864,56721
Orient=-0.904699,0.00459853,-0.425915,0.00976788
Scale=2.325,2.325,2.325
Flags=1

[ENTRY]
ID=151027863
Asset=Manipulator-SpawnPoint
Pos=66437,631.991,56926
Orient=0,0,0,1
Scale=1,1,1
spawnPackage=11_jld_HogcatcherMix_43_44
outerRadius=200

