[ENTRY]
ID=151057109
Asset=Manipulator-SpawnPoint
Pos=66064,527.642,45568
Orient=0,0,0,1
Scale=1,1,1
spawnPackage=2a_rhl_sectionB2_general
outerRadius=30

[ENTRY]
ID=151057110
Asset=Manipulator-SpawnPoint
Pos=66073,513.84,45656
Orient=0,-0.744643,0,0.667463
Scale=1,1,1
links_count=1
link=151057111,1
spawnPackage=2a_rhl_sectionB2_general

