[ENTRY]
ID=150999838
Asset=Autumn_Forest?d=.9&s=875691&sz=800
Pos=67466,529.987,43528
Orient=0,0,0,1
Scale=1,1,1
Flags=1

[ENTRY]
ID=150999839
Asset=Autumn_Forest?d=.9&s=877317&sz=800
Pos=66838,491.566,43932
Orient=0,0.394019,0,0.919102
Scale=1,1,1
Flags=1

[ENTRY]
ID=151057160
Asset=Manipulator-SpawnPoint
Pos=67228,427.375,43772
Orient=0,0,0,1
Scale=1,1,1
spawnPackage=2a_rhl_sectionB2_general
outerRadius=30

