[ENTRY]
ID=151018393
Asset=Prop-Lamp_Post_Junk#Prop-Lamp_Post_Junk3
Pos=66993,1102.77,54628
Orient=-0.0362643,0.0976391,-0.0616124,0.992651
Scale=1.6,1.6,1.6
Flags=1

[ENTRY]
ID=151018394
Asset=CL-AridRock4#CL-AridRock4
Pos=66974,1102.51,54640
Orient=0,0,0,1
Scale=1,1,1
Flags=1

[ENTRY]
ID=151031286
Asset=Manipulator-SpawnPoint
Pos=66828,1107.63,54010
Orient=0,-0.380188,0,0.924909
Scale=1,1,1
spawnPackage=12_bhp_entrance_47
outerRadius=10

