[ENTRY]
ID=151020852
Asset=Prop-Warpig_Wall1
Pos=66791,1141.05,53227
Orient=0,0.811428,0,-0.584452
Scale=1.075,1.075,1.075
Flags=1

