[ENTRY]
ID=1150223
Asset=Manipulator#Manipulator-PathNode
Name=
Pos=67086.2,1050.84,54142.9
Orient=0,0,0,1
Scale=1,1,1
links_count=2
link=1150224,1
link=1150222,1

[ENTRY]
ID=1150256
Asset=CL-Swinland_JunkPile1#CL-Swinland_JunkPile1
Name=
Pos=67307.6,997.576,54000
Orient=0,0,0,1
Scale=1,1,1

[ENTRY]
ID=1150259
Asset=Prop-Swineland_Junk#Prop-Swineland-Junk_Pile2
Name=
Pos=67314.3,1043,54094.4
Orient=0.00466162,0.361611,-0.00180807,0.932316
Scale=1.5,1.5,1.5

[ENTRY]
ID=151018393
Asset=Prop-Lamp_Post_Junk#Prop-Lamp_Post_Junk3
Name=Untitled
Pos=66993,1102.77,54628
Orient=-0.0362643,0.0976391,-0.0616124,0.992651
Scale=1.6,1.6,1.6
Flags=1

[ENTRY]
ID=151018394
Asset=CL-AridRock4#CL-AridRock4
Name=Untitled
Pos=66974,1102.51,54640
Orient=0,0,0,1
Scale=1,1,1
Flags=1

