[ENTRY]
ID=1127525
Asset=Prop-Bridge_a#Prop-Bridge_Broken
Name=Untitled
Pos=67419.3,668.588,58234.7
Orient=0,-0.710353,0,0.703845
Scale=2,2,2

[ENTRY]
ID=1127526
Asset=Prop-Bridge_a#Prop-Bridge_Broken
Name=Untitled
Pos=67264.1,395.702,58208.9
Orient=-0.182797,0.818258,0.071663,-0.540281
Scale=2,2,2

[ENTRY]
ID=151018258
Asset=Prop-Lamp_Post_Junk#Prop-Lamp_Post_Junk1
Name=Untitled
Pos=67446,672.014,58303
Orient=0,0.999168,0,0.040785
Scale=1.825,1.825,1.825
Flags=1

[ENTRY]
ID=151018261
Asset=CL-AridBush4#CL-AridBush4
Name=Untitled
Pos=67440,684.431,58315
Orient=0,0.983082,0,-0.183164
Scale=1,1,1
Flags=1

