[ENTRY]
ID=151019354
Asset=CL-SnowyPine4#CL-SnowyPine4
Pos=67257,754.923,64681
Orient=0,-0.999995,0,0.00309783
Scale=5.15,5.15,5.15
Flags=1

[ENTRY]
ID=151019355
Asset=CL-SnowyPine5#CL-SnowyPine5
Pos=67191,753.807,64833
Orient=0,0.889657,0,-0.45663
Scale=3.3,3.3,3.3
Flags=1

[ENTRY]
ID=151029603
Asset=Prop-Crystals_Blue#Prop-Crystal_Blue_Med3
Pos=66932,749.573,64961
Orient=0,0,0,1
Scale=1.6,1.6,1.6

