[ENTRY]
ID=1133641
Asset=Prop-Bridge_a#Prop-Bridge-Large_Wooden1
Name=
Pos=67002.2,709.887,58243.2
Orient=0,0.717356,0,0.696707
Scale=2.2,2.2,2.2

[ENTRY]
ID=151018258
Asset=Prop-Lamp_Post_Junk#Prop-Lamp_Post_Junk1
Name=Untitled
Pos=67446,672.014,58303
Orient=0,0.999168,0,0.040785
Scale=1.825,1.825,1.825
Flags=1

[ENTRY]
ID=151018261
Asset=CL-AridBush4#CL-AridBush4
Name=Untitled
Pos=67440,684.431,58315
Orient=0,0.983082,0,-0.183164
Scale=1,1,1
Flags=1

