[ENTRY]
ID=151057104
Asset=Manipulator-SpawnPoint
Pos=67267,523.308,46017
Orient=0,-0.975723,0,0.219007
Scale=1,1,1
spawnPackage=2a_rhl_sectionB2_general
outerRadius=1

[ENTRY]
ID=151057105
Asset=Manipulator-SpawnPoint
Pos=66940,458.396,45964
Orient=0,0,0,1
Scale=1,1,1
spawnPackage=2a_rhl_sectionB2_general
outerRadius=30

