[ENTRY]
ID=151057199
Asset=Manipulator-SpawnPoint
Pos=67533,485.672,41994
Orient=0,-0.849481,0,0.52762
Scale=1,1,1
links_count=1
link=151057200,1
spawnPackage=2a_rhl_sectionB2_general

[ENTRY]
ID=151057211
Asset=Manipulator-SpawnPoint
Pos=67929,502.037,41805
Orient=0,0,0,1
Scale=1,1,1
spawnPackage=2a_rhl_sectionB2_general

