[ENTRY]
ID=150999849
Asset=Autumn_Forest?d=.9&s=867317&sz=800
Pos=68007,631.027,45530
Orient=0,-0.338197,0,0.941075
Scale=1,1,1
Flags=1

[ENTRY]
ID=151057148
Asset=Manipulator-SpawnPoint
Pos=67578,531.09,45430
Orient=0,0,0,1
Scale=1,1,1
links_count=1
link=151057149,1
spawnPackage=2a_rhl_sectionB2_general

[ENTRY]
ID=151057149
Asset=Manipulator#Manipulator-PathNode
Pos=67858,520.638,45456
Orient=0,0,0,1
Scale=1,1,1
links_count=2
link=151057148,1
link=151057150,1

[ENTRY]
ID=151057150
Asset=Manipulator-PathNode
Pos=68040,491.661,45092
Orient=0,0,0,1
Scale=1,1,1
links_count=1
link=151057149,1

