[ENTRY]
ID=151017820
Asset=CL-Sick-Pine2#CL-Sick-Pine2
Pos=67800,825.698,60372
Orient=0,0,0,1
Scale=2,2,2

[ENTRY]
ID=151060561
Asset=CL-Sick-Pine2
Pos=68145,830.648,60571.2
Orient=0,0,0,1
Scale=2.85,2.85,2.85

[ENTRY]
ID=151060563
Asset=Prop-Pine-Sick_Tree#Prop-Pine-Sick_Tree1
Pos=68220.2,879.625,60352.4
Orient=0.0249662,-0.00124935,-0.0499636,0.998438
Scale=8.05,8.05,8.05

