[ENTRY]
ID=151057193
Asset=Manipulator-SpawnPoint
Pos=67700,485.664,42372
Orient=0,0,0,1
Scale=1,1,1
spawnPackage=2a_rhl_sectionB2_general
outerRadius=30

[ENTRY]
ID=151057201
Asset=Manipulator-SpawnPoint
Pos=68055,477.607,42338
Orient=0,0,0,1
Scale=1,1,1
spawnPackage=2a_rhl_sectionB2_general
outerRadius=30

[ENTRY]
ID=151057202
Asset=Manipulator-SpawnPoint
Pos=68190,452.781,42074
Orient=0,0,0,1
Scale=1,1,1
spawnPackage=2a_rhl_sectionB2_general
outerRadius=30

[ENTRY]
ID=151062461
Asset=Autumn_Forest?d=.9&s=675617&sz=800
Pos=67843,481.108,42102
Orient=0,-0.42141,0,0.90687
Scale=1,1,1

