[ENTRY]
ID=151019882
Asset=CL-Sick-Pine6#CL-Sick-Pine6
Pos=67937,797.989,48051
Orient=0,0.434966,0,0.900447
Scale=2.075,2.075,2.075
Flags=1

[ENTRY]
ID=151030137
Asset=Manipulator-SpawnPoint
Pos=67521,883.594,48239
Orient=0,0,0,1
Scale=1,1,1
innerRadius=50
spawnPackage=12_wpg_Wilds_44_45
outerRadius=80

[ENTRY]
ID=151030139
Asset=Manipulator-SpawnPoint
Pos=67699,931.772,48282
Orient=0,0,0,1
Scale=1,1,1
innerRadius=20
spawnPackage=12_wpg_Wilds_44_45
outerRadius=40

