[ENTRY]
ID=150999836
Asset=Autumn_Forest?d=.9&s=877317&sz=800
Pos=68884,597.38,44942
Orient=0,0.681639,0,0.731689
Scale=1,1,1
Flags=1

[ENTRY]
ID=150999850
Asset=Autumn_Forest?d=.9&s=874517&sz=800
Pos=68602,597.039,44430
Orient=0,-0.881958,0,0.471328
Scale=1,1,1
Flags=1

[ENTRY]
ID=151057147
Asset=Manipulator-SpawnPoint
Pos=68446,539.673,44633
Orient=0,0,0,1
Scale=1,1,1
spawnPackage=2a_rhl_sectionB2_general
outerRadius=30

[ENTRY]
ID=151057164
Asset=Manipulator-SpawnPoint
Pos=68905,606.493,44386
Orient=0,0,0,1
Scale=1,1,1
spawnPackage=2a_rhl_sectionB2_general
outerRadius=30

