[ENTRY]
ID=151019796
Asset=Prop-Warpig_Tower
Pos=68398,532.746,46393
Orient=0,0,0,1
Scale=1.6,1.6,1.6

[ENTRY]
ID=151019797
Asset=Warpig_Walls#Prop-Warpig_Wall1
Pos=68488,530.755,46376
Orient=0,0,0,1
Scale=1,1,1

[ENTRY]
ID=151019863
Asset=Prop-Anubian_Palisade
Pos=68392,522.042,46342
Orient=-0.204042,0.147274,0.0112358,0.967756
Scale=1.05,1.05,1.05

[ENTRY]
ID=151019880
Asset=CL-AridBush6#CL-AridBush6
Pos=68376,533.402,46391
Orient=0,0,0,1
Scale=1,1,1

