[ENTRY]
ID=151017980
Asset=CL-Sick-Pine2#CL-Sick-Pine2
Pos=68929,750.313,58194
Orient=0,-0.0549723,0,0.998488
Scale=1.65,1.65,1.65
Flags=1

[ENTRY]
ID=151018323
Asset=Prop-Lamp_Post_Junk#Prop-Lamp_Post_Junk2
Pos=68843,749.734,57936
Orient=0,0,0,1
Scale=1.625,1.625,1.625
Flags=1

[ENTRY]
ID=151018326
Asset=CL-AridBush4#CL-AridBush4
Pos=68817,748.985,57961
Orient=0,-0.696135,0,0.717911
Scale=1,1,1
Flags=1

