[ENTRY]
ID=151017726
Asset=CL-Sick-Pine2#CL-Sick-Pine2
Pos=69373.5,820.135,60051.8
Orient=0,0.505534,0,0.862807
Scale=3.6,3.6,3.6

[ENTRY]
ID=151017984
Asset=CL-Sick-Pine2#CL-Sick-Pine2
Pos=69440.3,776.982,60702.5
Orient=0,0,0,1
Scale=3.075,3.075,3.075
Flags=1

[ENTRY]
ID=151030651
Asset=Manipulator-SpawnPoint
Pos=69650,823.124,60404
Orient=0,0,0,1
Scale=1,1,1
innerRadius=180
spawnPackage=12_wpg_Wilds_45_46
outerRadius=200

[ENTRY]
ID=151030662
Asset=Manipulator-SpawnPoint
Pos=69125,826.724,60007
Orient=0,0,0,1
Scale=1,1,1
innerRadius=180
spawnPackage=12_wpg_Wilds_45_46
outerRadius=200

