[ENTRY]
ID=151057180
Asset=Manipulator-SpawnPoint
Pos=69366,483.055,43658
Orient=0,0.993868,0,0.11057
Scale=0.975,0.975,0.975
links_count=1
link=151057181,1
spawnPackage=2a_rhl_sectionB2_flier

[ENTRY]
ID=151057181
Asset=Manipulator#Manipulator-PathNode
Pos=69140,462.943,43716
Orient=0,0,0,1
Scale=1,1,1
links_count=2
link=151057180,1
link=151057182,1

[ENTRY]
ID=151057182
Asset=Manipulator-PathNode
Pos=69079,496.277,43895
Orient=0,0,0,1
Scale=1,1,1
links_count=1
link=151057181,1

