[ENTRY]
ID=150995050
Asset=Prop-Wooden_Fence2
Pos=69109,218.053,42473
Orient=0,0.674288,0,0.738469
Scale=20,20,20
Flags=1

[ENTRY]
ID=151057183
Asset=Manipulator-SpawnPoint
Pos=69658,510.3,42359
Orient=0,0,0,1
Scale=1,1,1
spawnPackage=2a_rhl_sectionB2_general
outerRadius=30

[ENTRY]
ID=151057184
Asset=Manipulator-SpawnPoint
Pos=69329,450.813,42453
Orient=0,0,0,1
Scale=1,1,1
spawnPackage=2a_rhl_sectionB2_general
outerRadius=30

[ENTRY]
ID=151057185
Asset=Manipulator-SpawnPoint
Pos=69012,464.149,42731
Orient=0,0,0,1
Scale=1,1,1
spawnPackage=2a_rhl_sectionB2_general
outerRadius=30

