[ENTRY]
ID=151027442
Asset=CL-SnowyPine2#CL-SnowyPine2
Name=Untitled
Pos=69485,1365.62,65761
Orient=0,0.786425,0,0.617685
Scale=2.725,2.725,2.725

[ENTRY]
ID=151031084
Asset=Manipulator-SpawnPoint
Name=Untitled
Pos=69020,901.543,65357.8
Orient=0,0,0,1
Scale=1,1,1
spawnPackage=12_ice_Wilds_45_46
wanderRadius=75

