[ENTRY]
ID=151017804
Asset=CL-Sick-Pine1#CL-Sick-Pine1
Pos=69125,1001.92,56412
Orient=0,0,0,1
Scale=2.1,2.1,2.1
Flags=1

[ENTRY]
ID=151018250
Asset=Prop-Lamp_Post_Junk#Prop-Lamp_Post_Junk3
Pos=69277,1026.18,56708
Orient=0,0.448423,0,0.893822
Scale=1.75,1.75,1.75
Flags=1

[ENTRY]
ID=151018254
Asset=CL-AridRock1#CL-AridRock1
Pos=69275,1041.65,56724
Orient=0,-0.854714,0,0.519099
Scale=1,1,1
Flags=1

[ENTRY]
ID=151030539
Asset=Manipulator-SpawnPoint
Pos=69201,1075.93,56279
Orient=0,0,0,1
Scale=1,1,1
innerRadius=50
spawnPackage=12_wpg_Wilds_44_45
outerRadius=60

