[ENTRY]
ID=151017982
Asset=CL-AridRock1#CL-AridRock1
Pos=69034,740.985,58147
Orient=0,0.624897,0,0.780707
Scale=1.45,1.45,1.45
Flags=1

[ENTRY]
ID=151030748
Asset=Manipulator-SpawnPoint
Pos=69518,852.449,57911
Orient=0,0,0,1
Scale=1,1,1
innerRadius=180
spawnPackage=12_wpg_Wilds_45_46
outerRadius=200

