[ENTRY]
ID=151018657
Asset=Prop-Lamp_Post_Junk#Prop-Lamp_Post_Junk1
Pos=69528,989.519,50211
Orient=0,-0.636537,0,0.771246
Scale=1,1,1
Flags=1

[ENTRY]
ID=151018663
Asset=CL-AridBush3#CL-AridBush3
Pos=69520,987.849,50208
Orient=0,0,0,1
Scale=1,1,1
Flags=1

[ENTRY]
ID=151030358
Asset=Manipulator-SpawnPoint
Pos=69155,898.633,50013
Orient=0,0,0,1
Scale=1,1,1
innerRadius=50
spawnPackage=12_wpg_Wilds_44_45
outerRadius=100

[ENTRY]
ID=151030359
Asset=Manipulator-SpawnPoint
Pos=69586,944.444,49865
Orient=0,0,0,1
Scale=1,1,1
innerRadius=50
spawnPackage=12_wpg_Wilds_44_45
outerRadius=100

