[ENTRY]
ID=151040066
Asset=CL-SnowyPine5
Pos=69495,1829.63,29583
Orient=0,0.5522,0,0.833712
Scale=3.45,3.45,3.45

[ENTRY]
ID=151040068
Asset=CL-SnowyPine3
Pos=69445,1833.62,29980
Orient=0,-0.737931,0,0.674876
Scale=1.9,1.9,1.9

