[ENTRY]
ID=151017755
Asset=CL-Sick-Pine5#CL-Sick-Pine5
Pos=70313,843.253,60031
Orient=0,-0.252245,0,0.967663
Scale=2.2,2.2,2.2

[ENTRY]
ID=151030652
Asset=Manipulator-SpawnPoint
Pos=70149,858.676,60747
Orient=0,0,0,1
Scale=1,1,1
innerRadius=180
spawnPackage=12_wpg_Wilds_45_46
outerRadius=200

[ENTRY]
ID=151030681
Asset=Manipulator-SpawnPoint
Pos=70445,858.721,60240
Orient=0,0,0,1
Scale=1,1,1
innerRadius=20
spawnPackage=12_wpg_Wilds_45_46
outerRadius=40

