[ENTRY]
ID=151017799
Asset=CL-Sick-Pine1#CL-Sick-Pine1
Pos=69832,826.992,59184.5
Orient=0,-0.394019,0,0.919102
Scale=2.325,2.325,2.325
Flags=1

[ENTRY]
ID=151018329
Asset=Prop-Lamp_Post_Junk#Prop-Lamp_Post_Junk1
Pos=69853,841.729,58536
Orient=0,0.966185,0,0.25785
Scale=1.55,1.55,1.55
Flags=1

[ENTRY]
ID=151018330
Asset=CL-AridBush6#CL-AridBush6
Pos=69858,837.798,58622
Orient=0,0,0,1
Scale=1,1,1
Flags=1

