[ENTRY]
ID=151019365
Asset=Prop-Snowy_Pine_Tree#Prop-Snowy_Pine_Tree5
Pos=69852,971.573,64380
Orient=0,0.991008,0,-0.133801
Scale=10,10,10

[ENTRY]
ID=151031038
Asset=Manipulator-SpawnPoint
Pos=69963,976.97,64350
Orient=0,0,0,1
Scale=1,1,1
innerRadius=20
spawnPackage=12_ice_Wilds_45_46
outerRadius=40

[ENTRY]
ID=151031040
Asset=Manipulator-SpawnPoint
Pos=69882,967.457,64191
Orient=0,0,0,1
Scale=1,1,1
innerRadius=20
spawnPackage=12_ice_Wilds_45_46
outerRadius=40

