[ENTRY]
ID=151019347
Asset=Prop-Snowy_Pine_Tree#Prop-Snowy_Pine_Tree9
Pos=70397,967.432,64615
Orient=0,0.0149994,0,0.999888
Scale=7.25,7.25,7.25

[ENTRY]
ID=151031036
Asset=Manipulator-SpawnPoint
Pos=70235,980.22,64541
Orient=0,0,0,1
Scale=1,1,1
innerRadius=20
spawnPackage=12_ice_Wilds_45_46
outerRadius=40

[ENTRY]
ID=151031037
Asset=Manipulator-SpawnPoint
Pos=70312,981.078,64750
Orient=0,0,0,1
Scale=1,1,1
innerRadius=20
spawnPackage=12_ice_Wilds_45_46
outerRadius=40

[ENTRY]
ID=151031039
Asset=Manipulator-SpawnPoint
Pos=69812,969.826,64533
Orient=0,0,0,1
Scale=1,1,1
innerRadius=20
spawnPackage=12_ice_Wilds_45_46
outerRadius=40

