[ENTRY]
ID=151018673
Asset=Prop-Lamp_Post_Junk#Prop-Lamp_Post_Junk2
Pos=70446,1101.41,51933
Orient=-0.0467905,-0.443697,-0.0736615,0.891918
Scale=1,1,1
Flags=1

[ENTRY]
ID=151018674
Asset=CL-AridBush5#CL-AridBush5
Pos=70456,1104.46,51946
Orient=0,0,0,1
Scale=1,1,1
Flags=1

[ENTRY]
ID=151030372
Asset=Manipulator-SpawnPoint
Pos=70160,1111.73,52185
Orient=0,0,0,1
Scale=1,1,1
innerRadius=50
spawnPackage=12_wpg_Wilds_44_45
outerRadius=100

