[ENTRY]
ID=1154160
Asset=Manipulator#Manipulator-SpawnPoint
Name=
Pos=70267.7,1323.82,65458.8
Orient=0,0,0,1
Scale=1,1,1
spawnPackage=12_ice_Goliaths_45_46
wanderRadius=65

[ENTRY]
ID=151019149
Asset=CL-SnowyPine3#CL-SnowyPine3
Name=Untitled
Pos=70344,1339.94,65615
Orient=0,0.786425,0,0.617685
Scale=2.6,2.6,2.6
Flags=1

[ENTRY]
ID=151031206
Asset=Manipulator-SpawnPoint
Name=Untitled
Pos=70462,1328.8,65394
Orient=0,0.764329,0,0.644827
Scale=1,1,1
spawnPackage=12_ice_Goliaths_45_46

[ENTRY]
ID=151031207
Asset=Manipulator-SpawnPoint
Name=Untitled
Pos=70418,1328.63,65476
Orient=0,0.998952,0,0.0457803
Scale=1,1,1
spawnPackage=12_ice_Goliaths_45_46

[ENTRY]
ID=151031208
Asset=Manipulator-SpawnPoint
Name=Untitled
Pos=70437,1328.63,65571
Orient=0,0.994924,0,0.100626
Scale=1,1,1
spawnPackage=12_ice_Goliaths_45_46

