[ENTRY]
ID=151007442
Asset=Prop-Bush_Arid2
Pos=70290,741.618,41261
Orient=0.0184587,0.384731,0.00769566,0.922812
Scale=1.975,1.975,1.975
Flags=1

