[ENTRY]
ID=151017728
Asset=CL-Sick-Pine4#CL-Sick-Pine4
Pos=70421,854.913,59905
Orient=0,0,0,1
Scale=1.525,1.525,1.525
Flags=1

[ENTRY]
ID=151017824
Asset=Arid_Clutter?d=0.9&s=8717&sz=800
Pos=70459,815.03,59670
Orient=0,0,0,1
Scale=1,1,1
Flags=1

[ENTRY]
ID=151028348
Asset=Prop-Pine-Sick_Tree#Prop-Pine-Sick_Tree7
Pos=70494,851.618,59798
Orient=-0.15225,-0.644368,-0.0467657,0.747945
Scale=8.525,8.525,8.525
Flags=1

[ENTRY]
ID=151030625
Asset=Manipulator-SpawnPoint
Pos=70168,847.55,59268
Orient=0,0,0,1
Scale=1,1,1
innerRadius=180
spawnPackage=12_wpg_Wilds_45_46
outerRadius=200

