[ENTRY]
ID=151030154
Asset=Manipulator-SpawnPoint
Name=Untitled
Pos=70062.9,824.231,47118.9
Orient=0,0,0,1
Scale=1,1,1
spawnPackage=12_wpg_Wilds_44_45
wanderRadius=100

[ENTRY]
ID=151030155
Asset=Manipulator-SpawnPoint
Name=Untitled
Pos=70322.6,860.571,46892.3
Orient=0,-0.589145,0,0.808028
Scale=1,1,1
spawnPackage=12_wpg_Wilds_44_45
wanderRadius=100

