[ENTRY]
ID=151017801
Asset=CL-Sick-Pine3#CL-Sick-Pine3
Name=Untitled
Pos=69884,1140.61,57211
Orient=0.0449848,0,0,0.998988
Scale=1.5,1.5,1.5
Flags=1

[ENTRY]
ID=151030738
Asset=Manipulator-SpawnPoint
Name=Untitled
Pos=70196.2,1140.38,57237.2
Orient=0,0,0,1
Scale=1,1,1
spawnPackage=12_wpg_Wilds_45_46

[ENTRY]
ID=151031016
Asset=Manipulator-SpawnPoint
Name=Untitled
Pos=70423.6,1183.88,57242.1
Orient=0,0,0,1
Scale=1,1,1
spawnPackage=12_wpg_Wilds_45_46
wanderRadius=100

