[ENTRY]
ID=151018678
Asset=Prop-Lamp_Post_Junk#Prop-Lamp_Post_Junk1
Pos=70394,1217.03,54057
Orient=0.0154589,-0.938149,0.0422452,0.343298
Scale=1,1,1
Flags=1

[ENTRY]
ID=151018679
Asset=CL-AridRock4#CL-AridRock4
Pos=70385,1216.54,54079
Orient=0,0,0,1
Scale=1,1,1
Flags=1

[ENTRY]
ID=151030385
Asset=Manipulator-SpawnPoint
Pos=69827,1257.44,54114
Orient=0,0,0,1
Scale=1,1,1
spawnPackage=12_wpg_Wilds_44_45
outerRadius=200

[ENTRY]
ID=151030387
Asset=Manipulator-SpawnPoint
Pos=70322,1224.57,54711
Orient=0,0,0,1
Scale=1,1,1
spawnPackage=12_wpg_Wilds_44_45
outerRadius=200

