[ENTRY]
ID=151031184
Asset=Manipulator-SpawnPoint
Pos=71213,1229.36,64031
Orient=0,0.996738,0,0.0807084
Scale=1,1,1
spawnPackage=12_ice_Goliaths_45_46
outerRadius=10

