[ENTRY]
ID=151017848
Asset=CL-Sick-Pine5#CL-Sick-Pine5
Pos=70736,1080.57,51529
Orient=0,0.0499792,0,0.99875
Scale=1.875,1.875,1.875
Flags=1

[ENTRY]
ID=151024064
Asset=Warpig_Walls#Prop-Warpig_Wall1
Pos=70712,1055.77,51099
Orient=0,0.996457,0,-0.0841045
Scale=2.025,2.025,2.025
Flags=1

[ENTRY]
ID=151027992
Asset=CL-Sick-Pine5#CL-Sick-Pine5
Pos=71096,1397.85,51709
Orient=0,-0.380188,0,0.924909
Scale=1.325,1.325,1.325
Flags=1

