[ENTRY]
ID=151017729
Asset=CL-Sick-Pine5#CL-Sick-Pine5
Name=Untitled
Pos=71136,871.157,58804
Orient=0,0,0,1
Scale=1.475,1.475,1.475
Flags=1

[ENTRY]
ID=151031006
Asset=Manipulator-SpawnPoint
Name=Untitled
Pos=70894.8,805.296,58754
Orient=0,0,0,1
Scale=1,1,1
spawnPackage=12_wpg_Wilds_45_46
wanderRadius=100

[ENTRY]
ID=151031007
Asset=Manipulator-SpawnPoint
Name=Untitled
Pos=71095,876.214,58524
Orient=0,0,0,1
Scale=1,1,1
spawnPackage=12_wpg_Wilds_45_46
wanderRadius=200

[ENTRY]
ID=151031011
Asset=Manipulator-SpawnPoint
Name=Untitled
Pos=71188.6,900.441,58991.7
Orient=0,0,0,1
Scale=1,1,1
spawnPackage=12_wpg_Wilds_45_46
wanderRadius=100

[ENTRY]
ID=151061518
Asset=Arid_Clutter?d=1.8&s=275977&sz=1000
Name=Untitled
Pos=70776.8,784.792,58651.5
Orient=0,-0.539632,0,0.841901
Scale=1.25,1.25,1.25

