[ENTRY]
ID=151040069
Asset=CL-SnowyPine5
Pos=70729,1525.15,30463
Orient=0,0.976806,0,0.214125
Scale=3.45,3.45,3.45

