[ENTRY]
ID=1154148
Asset=Manipulator#Manipulator-SpawnPoint
Name=Untitled
Pos=71088.4,1209.14,64384.1
Orient=0,0,0,1
Scale=1,1,1
spawnPackage=12_ice_Wilds_45_46
links_count=1
link=1154149,1

[ENTRY]
ID=1154149
Asset=Manipulator#Manipulator-PathNode
Name=Untitled
Pos=70904,1194.24,64478.3
Orient=0,0,0,1
Scale=1,1,1
links_count=2
link=1154148,1
link=1154150,1

[ENTRY]
ID=1154152
Asset=Manipulator#Manipulator-SpawnPoint
Name=Untitled
Pos=70617.7,953.572,63932
Orient=0,0,0,1
Scale=1,1,1
spawnPackage=12_ice_Wilds_45_46
wanderRadius=75

[ENTRY]
ID=1154688
Asset=Effects#Par-Snow1-Emitter
Name=
Pos=71239.3,1258.56,64393.5
Orient=0,-0.389418,0,0.921061
Scale=1,1,1

[ENTRY]
ID=151031184
Asset=Manipulator-SpawnPoint
Name=Untitled
Pos=71213,1229.36,64031
Orient=0,0.996738,0,0.0807084
Scale=1,1,1
spawnPackage=12_ice_Goliaths_45_46

