[ENTRY]
ID=151028036
Asset=CL-Sick-Pine4#CL-Sick-Pine4
Pos=70570,835.255,49169
Orient=0,-0.20846,0,0.978031
Scale=3,3,3
Flags=1

[ENTRY]
ID=151030189
Asset=Manipulator-SpawnPoint
Pos=70535,908.655,49023
Orient=0,0,0,1
Scale=1,1,1
innerRadius=50
spawnPackage=12_wpg_Wilds_44_45
outerRadius=80

