[ENTRY]
ID=1154245
Asset=Manipulator#Manipulator-SpawnPoint
Name=
Pos=71194,1200.61,53282.4
Orient=0,0,0,1
Scale=1,1,1
spawnPackage=12_wpg_Wilds_44_45
wanderRadius=95

[ENTRY]
ID=1154246
Asset=Manipulator#Manipulator-SpawnPoint
Name=
Pos=71051.9,1185.22,53447.5
Orient=0,0,0,1
Scale=1,1,1
spawnPackage=12_wpg_Wilds_44_45
wanderRadius=85

[ENTRY]
ID=151022485
Asset=CL-Sick-Pine1#CL-Sick-Pine1
Name=Untitled
Pos=70944,1192.52,53642
Orient=0,0,0,1
Scale=2.85,2.85,2.85
Flags=1

[ENTRY]
ID=151022491
Asset=Prop-Pine-Sick_Tree#Prop-Pine-Sick_Tree5
Name=Untitled
Pos=70996.8,1130,53838.9
Orient=0,0,-0.0249974,0.999687
Scale=10,10,10

[ENTRY]
ID=151030396
Asset=Manipulator-SpawnPoint
Name=Untitled
Pos=70792,1250.66,53766
Orient=0,0,0,1
Scale=1,1,1
spawnPackage=12_wpg_Wilds_44_45

