[ENTRY]
ID=151017752
Asset=CL-Sick-Pine3#CL-Sick-Pine3
Pos=71821,998.086,62341
Orient=0,-0.319309,0,0.947651
Scale=1.675,1.675,1.675
Flags=1

