[ENTRY]
ID=151040057
Asset=CL-SnowyPine3
Pos=71890,1618.73,30912
Orient=0,-0.526943,0,0.849901
Scale=2.25,2.25,2.25

[ENTRY]
ID=151040060
Asset=CL-SnowyPine5
Pos=71975,1084.93,31304
Orient=0,0.8699,0,0.493228
Scale=3.45,3.45,3.45

[ENTRY]
ID=151040061
Asset=CL-SnowyPine1
Pos=71651,1288.68,31030
Orient=0,-0.129634,0,0.991562
Scale=2.875,2.875,2.875

