[ENTRY]
ID=151030637
Asset=Manipulator-SpawnPoint
Pos=71342,908.395,62083
Orient=0,0,0,1
Scale=1,1,1
innerRadius=180
spawnPackage=12_wpg_Wilds_45_46
outerRadius=200

[ENTRY]
ID=151030640
Asset=Manipulator-SpawnPoint
Pos=71802.7,999.692,62060.7
Orient=0,0,0,1
Scale=1,1,1
innerRadius=180
spawnPackage=12_wpg_Wilds_45_46
outerRadius=200

[ENTRY]
ID=151061515
Asset=Prop-Pine-Sick_Tree#Prop-Pine-Sick_Tree3
Pos=71524.2,893.813,61806.8
Orient=0.108679,0.688916,0.0204424,0.716356
Scale=8.95,8.95,8.95

