[ENTRY]
ID=151036779
Asset=Prop-Fence-Stone_Blue1
Pos=71269,525.116,32155
Orient=0,0.999989,0,-0.00460181
Scale=8.125,8.125,8.125
Flags=1

[ENTRY]
ID=151036787
Asset=Prop-Fence-Stone_Blue_Post
Pos=71261,412.354,32127
Orient=0,-0.0099998,0,0.99995
Scale=10,10,10
Flags=1

[ENTRY]
ID=151056340
Asset=Manipulator-SpawnPoint
Pos=71590,436.894,32241
Orient=0,0,0,1
Scale=1,1,1
spawnPackage=2a_stc_sectionB7_general
outerRadius=30

