[ENTRY]
ID=151038147
Asset=CL-Autumn_Forest7
Pos=72183,609.337,36728
Orient=0,0.824886,0,0.5653
Scale=1,1,1
Flags=1

[ENTRY]
ID=151056782
Asset=Manipulator-SpawnPoint
Pos=72652,561.059,36107
Orient=0,0.983701,0,0.179813
Scale=1,1,1
links_count=1
link=151056783,1
spawnPackage=2a_trf_sectionC1_general

