[ENTRY]
ID=151055652
Asset=Prop-Bush-Large3
Pos=72345,520.934,41126
Orient=0,0.109779,0,0.993956
Scale=2.125,2.125,2.125

[ENTRY]
ID=151055660
Asset=Manipulator#Manipulator-PathNode
Pos=72206,515.721,41127
Orient=0,0,0,1
Scale=1,1,1
links_count=1
link=151055659,1

[ENTRY]
ID=151055661
Asset=Manipulator-SpawnPoint
Pos=72230,519.036,41135
Orient=0,-0.124675,0,0.992198
Scale=1,1,1
links_count=1
link=151055663,1
spawnPackage=2a_rhl_trollTown_general

[ENTRY]
ID=151055662
Asset=Manipulator-SpawnPoint
Pos=72355,522.335,41209
Orient=0,0,0,1
Scale=1,1,1
spawnPackage=2a_rhl_trollTown_general
outerRadius=1

