[ENTRY]
ID=151038146
Asset=CL-Autumn_Forest8#CL-Autumn_Forest8
Pos=72359,628.018,35583
Orient=0,-0.104807,0,0.994493
Scale=1.425,1.425,1.425
Flags=1

[ENTRY]
ID=151056783
Asset=Manipulator#Manipulator-PathNode
Pos=72372,586.039,35967
Orient=0,0,0,1
Scale=1,1,1
links_count=2
link=151056782,1
link=151056784,1

[ENTRY]
ID=151056791
Asset=Manipulator-SpawnPoint
Pos=72432,630.592,35739
Orient=0,0,0,1
Scale=1,1,1
spawnPackage=2a_trf_sectionC1_trees
outerRadius=30

