[ENTRY]
ID=151040050
Asset=CL-SnowyPine3
Pos=73485,1342.7,31863
Orient=0,-0.496879,0,0.86782
Scale=3.05,3.05,3.05

[ENTRY]
ID=151040052
Asset=CL-SnowyPine1
Pos=72938,1020.93,31736
Orient=0,-0.129634,0,0.991562
Scale=2.875,2.875,2.875

[ENTRY]
ID=151040053
Asset=CL-SnowyPine3
Pos=73307,1265.52,31631
Orient=0,-0.526943,0,0.849901
Scale=2.25,2.25,2.25

