[ENTRY]
ID=151020210
Asset=CL-Random-Junk2#CL-Random-Junk2
Pos=73471,1196.45,57750
Orient=0,-0.939645,0,-0.34215
Scale=1,1,1

[ENTRY]
ID=151020563
Asset=Prop-Swineland-Junk_Pile1
Pos=73464,1200.12,57908
Orient=0,-0.747971,0,0.663731
Scale=1.7,1.7,1.7

[ENTRY]
ID=151026550
Asset=Prop-Swineland-Junk_Pile2
Pos=72865,928.765,58005
Orient=-0.067389,0.961676,0.0672643,0.257124
Scale=2.5,2.5,2.5

[ENTRY]
ID=151026553
Asset=Prop-Swineland-Junk_Pile#Prop-Swineland-Junk_Pile1
Pos=73080,1046.61,58336
Orient=-0.0864658,0.953933,0.139133,0.251352
Scale=1.075,1.075,1.075

