[ENTRY]
ID=150999120
Asset=Prop-Bridge-Large_Wooden1#Prop-Bridge-Large_Wooden1
Pos=72891,436.69,39914
Orient=0,0.470626,0,0.882333
Scale=2,2,2
Flags=1

[ENTRY]
ID=151046062
Asset=CL-Fence-Stone_Blue5
Pos=73338,412.886,40300
Orient=0,-0.252245,0,0.967663
Scale=1,1,1

[ENTRY]
ID=151046063
Asset=CL-Fence-Stone_Blue5
Pos=73434,404.467,40217
Orient=0,-0.352274,0,0.935897
Scale=1,1,1

[ENTRY]
ID=151055733
Asset=Manipulator-SpawnPoint
Pos=73211,415.023,40132
Orient=0,-0.247404,0,0.968912
Scale=1,1,1
spawnPackage=2a_rhl_trollBridge_general

[ENTRY]
ID=151057395
Asset=Manipulator-SpawnPoint
Pos=73483,400.344,39986
Orient=0,0,0,1
Scale=1,1,1
spawnPackage=2a_trf_sectionC1_lake
outerRadius=1

