[ENTRY]
ID=1090983
Asset=Manipulator#Manipulator-PathNode
Name=Untitled
Pos=73529.8,1059.85,51705.3
Orient=0,0,0,1
Scale=1,1,1
links_count=2
link=1090982,1
link=1090984,1

[ENTRY]
ID=1133667
Asset=CL-Forest#CL-Dead-Forest1
Name=
Pos=74177.6,906.032,51084.2
Orient=0,0.659385,0,0.751806
Scale=1,1,1

[ENTRY]
ID=1133669
Asset=CL-Forest#CL-Dead-Forest3
Name=
Pos=74053.1,944.697,51008.6
Orient=0,0,0,1
Scale=1,1,1

