[ENTRY]
ID=151020548
Asset=Prop-Swineland-Junk_Pile#Prop-Swineland-Junk_Pile1
Pos=73562,1347.88,56759
Orient=0.268014,-0.697698,0.392803,0.53581
Scale=2.025,2.025,2.025
Flags=1

[ENTRY]
ID=151020553
Asset=Prop-Swineland-Junk_Pile#Prop-Swineland-Junk_Pile2
Pos=73562,1347.88,56892
Orient=0.268014,-0.697698,0.392803,0.53581
Scale=1.5,1.5,1.5
Flags=1

[ENTRY]
ID=151020557
Asset=Prop-Burnt_Pines#Prop-Burnt_Pine2
Pos=73889,1558.9,56295
Orient=-0.116426,0.926553,-0.0445953,0.354902
Scale=2.95,2.95,2.95

[ENTRY]
ID=151020565
Asset=Prop-Swineland-Junk_Pile2
Pos=73558,1071.46,56324
Orient=0,-0.344394,0,-0.938825
Scale=1,1,1
Flags=1

