[ENTRY]
ID=151021814
Asset=Prop-Dvergar_Scaffolding
Pos=73509,1491.18,52871
Orient=0,0,0,1
Scale=3.825,3.825,3.825
Flags=1

[ENTRY]
ID=151022065
Asset=Prop-Warpig_Wall1
Pos=73648,1490.91,52882
Orient=0,0.252245,0,0.967663
Scale=1.975,1.975,1.975
Flags=1

[ENTRY]
ID=151022287
Asset=CL-Swinland_JunkPile1#CL-Swinland_JunkPile1
Pos=73545,1711.64,53197
Orient=0,0,0,1
Scale=2.1,2.1,2.1
Flags=1

