[ENTRY]
ID=151040051
Asset=CL-SnowyPine3
Pos=74421,1386.81,31758
Orient=0,-0.466208,0,0.884675
Scale=1.975,1.975,1.975

