[ENTRY]
ID=151017639
Asset=Prop-Autumn_Hill_Tree#Prop-Autumn_Hill_Tree1
Pos=74978,624.334,33625
Orient=0,0,0,1
Scale=1.6,1.6,1.6
Flags=1

[ENTRY]
ID=151040049
Asset=CL-SnowyPine1
Pos=74424,914.018,33473
Orient=0,-0.846832,0,0.531861
Scale=3.675,3.675,3.675

