[ENTRY]
ID=151024455
Asset=Prop-Battlefield_Barricade
Pos=74855.1,847.114,61997.4
Orient=0.153827,0.506349,0.297984,-0.794452
Scale=9.7,9.7,9.7
Flags=1

[ENTRY]
ID=151029587
Asset=Manipulator-PathNode
Pos=74508,953.925,62127
Orient=0,0,0,1
Scale=1,1,1
links_count=2
link=151029586,1
link=151029588,1

[ENTRY]
ID=151029588
Asset=Manipulator-PathNode
Pos=74677,984.353,62112
Orient=0,0,0,1
Scale=1,1,1
links_count=1
link=151029587,1

[ENTRY]
ID=151061683
Asset=Prop-Battlefield_Barricade
Pos=74999.7,850.946,61861.8
Orient=-0.242633,0.792541,-0.0634411,0.555863
Scale=4.975,4.975,4.975

