[ENTRY]
ID=151038144
Asset=CL-Autumn_Forest6#CL-Autumn_Forest6
Pos=75243,420.429,35122
Orient=0,0.13459,0,0.990901
Scale=1,1,1
Flags=1

[ENTRY]
ID=151056695
Asset=Manipulator-SpawnPoint
Pos=75477,420.073,34789
Orient=0,-0.104807,0,0.994493
Scale=1,1,1
links_count=1
link=151056696,1
spawnPackage=2a_rhl_sectionA8_general

[ENTRY]
ID=151056711
Asset=Manipulator#Manipulator-PathNode
Pos=75393,444.106,34787
Orient=0,0,0,1
Scale=1,1,1
links_count=1
link=151056710,1

