[ENTRY]
ID=151046069
Asset=CL-Fence-Stone_Blue5#CL-Fence-Stone_Blue5
Pos=75606,419.484,42860
Orient=0,-0.29074,0,0.956802
Scale=1,1,1

[ENTRY]
ID=151046070
Asset=CL-Fence-Stone_Blue5
Pos=75706,421.28,42778
Orient=0,-0.338197,0,0.941075
Scale=1,1,1

[ENTRY]
ID=151056841
Asset=Manipulator-SpawnPoint
Pos=75231,520.035,43112
Orient=0,0,0,1
Scale=1,1,1
spawnPackage=2a_trf_sectionC0_general
outerRadius=30

[ENTRY]
ID=151056851
Asset=Manipulator#Manipulator-PathNode
Pos=75368,491.112,43177
Orient=0,0,0,1
Scale=1,1,1
links_count=1
link=151056850,1

