[ENTRY]
ID=150999981
Asset=CL-Plains_Bush2#CL-Plains_Bush2
Pos=75224,418.761,37135
Orient=0,-0.670587,0,0.741831
Scale=1,1,1

[ENTRY]
ID=151056681
Asset=Manipulator-SpawnPoint
Pos=75626,449.351,37333
Orient=0,0,0,1
Scale=1,1,1
spawnPackage=2a_rhl_sectionA8_general
outerRadius=30

[ENTRY]
ID=151056684
Asset=Manipulator-SpawnPoint
Pos=75191,411.91,36943
Orient=0,0,0,1
Scale=1,1,1
spawnPackage=2a_rhl_sectionA8_general
outerRadius=30

[ENTRY]
ID=151056685
Asset=Manipulator-SpawnPoint
Pos=75651,387.274,36901
Orient=0,0,0,1
Scale=1,1,1
spawnPackage=2a_rhl_sectionA8_general
outerRadius=30

