[ENTRY]
ID=151040039
Asset=CL-SnowyPine1
Pos=75120,1119.02,32951
Orient=0,-0.129634,0,0.991562
Scale=2.875,2.875,2.875

[ENTRY]
ID=151040040
Asset=CL-SnowyPine3
Pos=75530,1346.22,32785
Orient=0,-0.466208,0,0.884675
Scale=1.975,1.975,1.975

