[ENTRY]
ID=151029473
Asset=Manipulator-SpawnPoint
Pos=75601,723.221,62242
Orient=0,0.786425,0,0.617686
Scale=1,1,1
links_count=1
link=151029474,1
spawnPackage=12_yti_pogonipCamp
outerRadius=10

[ENTRY]
ID=151029477
Asset=Manipulator-SpawnPoint
Pos=75506,728.445,62061
Orient=0,0,0,1
Scale=1,1,1
spawnPackage=12_yti_pogonipCamp
outerRadius=10

