[ENTRY]
ID=151034696
Asset=Autumn_Forest?d=0.9&s=812347&sz=800
Pos=75179,474.351,42654
Orient=0,0.46178,0,0.886994
Scale=1.175,1.175,1.175
Flags=1

[ENTRY]
ID=151046067
Asset=CL-Fence-Stone_Blue3#CL-Fence-Stone_Blue3
Pos=75079,401.899,42096
Orient=0,-0.430457,0,0.902611
Scale=1,1,1

[ENTRY]
ID=151058267
Asset=Manipulator-SpawnPoint
Pos=75012,499.245,42641
Orient=0,0,0,1
Scale=0.25,0.25,0.25
spawnPackage=2a_obji_rb04_dirgeFern
outerRadius=75

