[ENTRY]
ID=1154288
Asset=Manipulator#Manipulator-SpawnPoint
Name=
Pos=75249.6,771.998,61598.6
Orient=0,0,0,1
Scale=1,1,1
spawnPackage=12_vmp_wilds_46_47
wanderRadius=100

[ENTRY]
ID=1154289
Asset=Manipulator#Manipulator-SpawnPoint
Name=
Pos=75731.9,740.368,61683.3
Orient=0,0,0,1
Scale=1,1,1
spawnPackage=12_vmp_wilds_46_47
wanderRadius=100

[ENTRY]
ID=151029473
Asset=Manipulator-SpawnPoint
Name=Untitled
Pos=75601,723.221,62242
Orient=0,0.786425,0,0.617686
Scale=1,1,1
spawnPackage=12_yti_pogonipCamp
links_count=1
link=151029474,1

[ENTRY]
ID=151029477
Asset=Manipulator-SpawnPoint
Name=Untitled
Pos=75506,728.445,62061
Orient=0,0,0,1
Scale=1,1,1
spawnPackage=12_yti_pogonipCamp
wanderRadius=75

