[ENTRY]
ID=151000120
Asset=Prop-Autumn_Hill_Tree#Prop-Autumn_Hill_Tree2
Pos=76088,469.83,39750
Orient=0,0,0,1
Scale=1,1,1
Flags=1

[ENTRY]
ID=151056673
Asset=Manipulator-SpawnPoint
Pos=76035,397.765,40246
Orient=0,0,0,1
Scale=1,1,1
spawnPackage=2a_rhl_sectionA8_general
outerRadius=30

[ENTRY]
ID=151056757
Asset=Manipulator-SpawnPoint
Pos=76166,446.1,39887
Orient=0,0,0,1
Scale=1,1,1
spawnPackage=2a_trf_sectionC1_trees
outerRadius=30

[ENTRY]
ID=151056800
Asset=Manipulator-SpawnPoint
Pos=75896,386.633,40252
Orient=0,-0.29074,0,0.956802
Scale=1,1,1
links_count=1
link=151056801,1
spawnPackage=2a_trf_sectionC1_thunderWalker

[ENTRY]
ID=151056801
Asset=Manipulator#Manipulator-PathNode
Pos=76073,435.486,40397
Orient=0,0,0,1
Scale=1,1,1
links_count=2
link=151056800,1
link=151056802,1

