[ENTRY]
ID=151018026
Asset=Arid_Clutter?d=0.9&s=875677&sz=800
Pos=75946,646.272,59572
Orient=0,0,0,1
Scale=1,1,1
Flags=1

[ENTRY]
ID=151018337
Asset=Prop-Lamp_Post_Junk#Prop-Lamp_Post_Junk1
Pos=75975,653.859,59928
Orient=0,-0.990794,0,0.135379
Scale=1.675,1.675,1.675
Flags=1

[ENTRY]
ID=151018338
Asset=CL-AridRock3#CL-AridRock3
Pos=75992,654.452,59938
Orient=0,0.585097,0,0.810963
Scale=1,1,1
Flags=1

[ENTRY]
ID=151031405
Asset=Manipulator-SpawnPoint
Pos=76160,672.367,59327
Orient=0,0,0,1
Scale=1,1,1
spawnPackage=12_vmp_wilds_46_47
outerRadius=10

