[ENTRY]
ID=151056682
Asset=Manipulator-SpawnPoint
Pos=76066.1,370.657,37412.8
Orient=0,0,0,1
Scale=1,1,1
spawnPackage=2a_rhl_sectionA8_general
outerRadius=30

[ENTRY]
ID=151056796
Asset=Manipulator-SpawnPoint
Pos=76239.7,379.575,37460.9
Orient=0,-0.977865,0,0.209239
Scale=0.95,0.95,0.95
links_count=1
link=151056797,1
spawnPackage=2a_trf_sectionC1_thunderWalker

[ENTRY]
ID=151057005
Asset=Manipulator#Manipulator-PathNode
Pos=76463,387.317,37325
Orient=0,0,0,1
Scale=1,1,1
links_count=1
link=151056956,1

[ENTRY]
ID=151059543
Asset=CL-Autumn_Forest6
Pos=76172.5,357.036,37081.1
Orient=0,0.422854,0,-0.906198
Scale=1.425,1.425,1.425
Flags=1

