[ENTRY]
ID=151023999
Asset=CL-Junk1
Pos=76475,978.265,49956
Orient=0,0,0,1
Scale=1.675,1.675,1.675

[ENTRY]
ID=151024003
Asset=Prop-Wagon_Wheel#Prop-Wagon_Wheel
Pos=76448,977.947,49954
Orient=-0.204824,-0.690778,-0.165589,0.67339
Scale=1.475,1.475,1.475

[ENTRY]
ID=151024016
Asset=CL-Sick-Pine6#CL-Sick-Pine6
Pos=76300,968.54,50155
Orient=0,-0.492535,0,0.870293
Scale=2.025,2.025,2.025
Flags=1

