[ENTRY]
ID=151019329
Asset=CL-SnowyPine3#CL-SnowyPine3
Pos=75898,760.219,63765
Orient=-0.0249974,0,0,0.999687
Scale=3.475,3.475,3.475
Flags=1

[ENTRY]
ID=151029483
Asset=Manipulator-PathNode
Pos=75955,753.076,63849
Orient=0,0,0,1
Scale=1,1,1
links_count=2
link=151029482,1
link=151029485,1

[ENTRY]
ID=151029498
Asset=Manipulator-SpawnPoint
Pos=76032,760.404,63807
Orient=0,0,0,1
Scale=1,1,1
spawnPackage=12_yti_pogonipCamp
outerRadius=10

