[ENTRY]
ID=151034725
Asset=Autumn_Forest?d=0.9&s=812347&sz=800
Pos=75922,490.37,43460
Orient=0,0.37556,0,0.926798
Scale=1.025,1.025,1.025
Flags=1

[ENTRY]
ID=151046071
Asset=CL-Fence-Stone_Blue5
Pos=75814,418.458,42859
Orient=0,0.918788,0,0.394751
Scale=1,1,1

[ENTRY]
ID=151056745
Asset=Manipulator-SpawnPoint
Pos=76403,518.916,42753
Orient=0,0,0,1
Scale=1,1,1
spawnPackage=2a_trf_sectionC1_trees
outerRadius=30

[ENTRY]
ID=151056847
Asset=Manipulator-SpawnPoint
Pos=75806,460.441,43403
Orient=0,0,0,1
Scale=1,1,1
links_count=1
link=151056848,1
spawnPackage=2a_trf_sectionC0_general

[ENTRY]
ID=151056848
Asset=Manipulator#Manipulator-PathNode
Pos=75991,500.885,43400
Orient=0,0,0,1
Scale=1,1,1
links_count=1
link=151056847,1

