[ENTRY]
ID=151020296
Asset=CL-Burnt-Pine4#CL-Burnt-Pine4
Pos=76557,558.936,58087
Orient=0,0,-0.0549723,0.998488
Scale=2.8,2.8,2.8
Flags=1

[ENTRY]
ID=151031388
Asset=Manipulator-SpawnPoint
Pos=76569,658.445,57821
Orient=0,0,0,1
Scale=1,1,1
innerRadius=65
spawnPackage=12_vmp_wilds_46_47
outerRadius=70

[ENTRY]
ID=151031390
Asset=Manipulator-SpawnPoint
Pos=76513,592,58395
Orient=0,0,0,1
Scale=1,1,1
innerRadius=65
spawnPackage=12_vmp_wilds_46_47
outerRadius=70

[ENTRY]
ID=151031391
Asset=Manipulator-SpawnPoint
Pos=76847,653.603,58202
Orient=0,0,0,1
Scale=1,1,1
spawnPackage=12_vmp_wilds_46_47
outerRadius=10

