[ENTRY]
ID=151040041
Asset=CL-SnowyPine2
Pos=76732,1263.76,33376
Orient=0,0.593177,0,0.805072
Scale=2.55,2.55,2.55

