[ENTRY]
ID=151056944
Asset=Manipulator-SpawnPoint
Pos=76821.3,411.753,35288.4
Orient=0,0,0,1
Scale=1,1,1
spawnPackage=2a_trf_sectionC4_general
outerRadius=30

[ENTRY]
ID=151056998
Asset=Manipulator-SpawnPoint
Pos=77215.6,428.78,35265.2
Orient=0,0,0,1
Scale=1,1,1
spawnPackage=2a_trf_sectionC4_trees
outerRadius=30

[ENTRY]
ID=151059546
Asset=CL-Autumn_Forest4
Pos=76925.9,400.732,35584.5
Orient=0,0.636537,0,0.771246
Scale=1.725,1.725,1.725
Flags=1

[ENTRY]
ID=151060130
Asset=Manipulator-SpawnPoint
Pos=76724.6,392.592,35917.8
Orient=0,0,0,1
Scale=1,1,1
innerRadius=45
spawnPackage=2a_trf_sectionC4_general
outerRadius=50

[ENTRY]
ID=151060131
Asset=Manipulator-SpawnPoint
Pos=77248.4,422.399,35893.7
Orient=0,0,0,1
Scale=1,1,1
innerRadius=45
spawnPackage=2a_trf_sectionC4_general
outerRadius=50

