[ENTRY]
ID=151018025
Asset=Arid_Clutter?d=0.9&s=875677&sz=800
Pos=76778,605.924,58528
Orient=0,0,0,1
Scale=1.175,1.175,1.175
Flags=1

[ENTRY]
ID=151020302
Asset=CL-Burnt-Pine3#CL-Burnt-Pine3
Pos=76537,499.231,58623
Orient=-0.0130033,0.898584,0.0596659,0.434531
Scale=2.2,2.2,2.2
Flags=1

[ENTRY]
ID=151031392
Asset=Manipulator-SpawnPoint
Pos=76711,579.572,58520
Orient=0,0,0,1
Scale=1,1,1
spawnPackage=12_vmp_wilds_46_47
outerRadius=10

[ENTRY]
ID=151031393
Asset=Manipulator-SpawnPoint
Pos=76614,564.875,58758
Orient=0,0,0,1
Scale=1,1,1
spawnPackage=12_vmp_wilds_46_47
outerRadius=10

