[ENTRY]
ID=151018027
Asset=Arid_Clutter?d=0.9&s=875656&sz=800
Pos=76919,673.406,60821
Orient=0,-0.514136,0,0.857709
Scale=1,1,1
Flags=1

[ENTRY]
ID=151030805
Asset=Manipulator-SpawnPoint
Pos=76617,656.032,61264
Orient=0,0,0,1
Scale=1,1,1
innerRadius=95
spawnPackage=12_vmp_wilds_46_47
outerRadius=100

[ENTRY]
ID=151030806
Asset=Manipulator-SpawnPoint
Pos=76660,609.99,60879
Orient=0,0,0,1
Scale=1,1,1
innerRadius=95
spawnPackage=12_vmp_wilds_46_47
outerRadius=100

[ENTRY]
ID=151030812
Asset=Manipulator-SpawnPoint
Pos=77147,730.298,61096
Orient=0,0,0,1
Scale=1,1,1
innerRadius=95
spawnPackage=12_vmp_wilds_46_47
outerRadius=100

