[ENTRY]
ID=151046073
Asset=CL-Fence-Stone_Blue3#CL-Fence-Stone_Blue3
Pos=76631,410.222,43442
Orient=0,-0.0848977,0,0.99639
Scale=1,1,1

[ENTRY]
ID=151046074
Asset=CL-Fence-Stone_Blue3
Pos=76740,416.032,43324
Orient=0,-0.0848977,0,0.99639
Scale=1,1,1

[ENTRY]
ID=151046075
Asset=CL-Fence-Stone_Blue3#CL-Fence-Stone_Blue3
Pos=77053,410.581,43348
Orient=0,0.998444,0,0.0557674
Scale=1,1,1

