[ENTRY]
ID=151056767
Asset=Manipulator-SpawnPoint
Pos=76650,334.025,37655
Orient=0,0,0,1
Scale=1,1,1
spawnPackage=2a_trf_sectionC1_trees
outerRadius=30

[ENTRY]
ID=151056769
Asset=Manipulator-SpawnPoint
Pos=76796,346.76,37889
Orient=0,0,0,1
Scale=1,1,1
spawnPackage=2a_trf_sectionC1_trees
outerRadius=30

[ENTRY]
ID=151056770
Asset=Manipulator-SpawnPoint
Pos=76751.2,389.022,38167.9
Orient=0,-0.119712,0,0.992809
Scale=1,1,1
spawnPackage=2a_trf_sectionC1_trees
outerRadius=30

[ENTRY]
ID=151056956
Asset=Manipulator-SpawnPoint
Pos=77064,424.84,37696
Orient=0,0.926499,0,0.376297
Scale=0.95,0.95,0.95
links_count=1
link=151057005,1
spawnPackage=2a_trf_sectionC4_general

[ENTRY]
ID=151056959
Asset=Manipulator-SpawnPoint
Pos=77127,448.912,38132
Orient=0,0,0,1
Scale=1,1,1
spawnPackage=2a_trf_sectionC4_general
outerRadius=30

