[ENTRY]
ID=151018339
Asset=Prop-Lamp_Post_Junk#Prop-Lamp_Post_Junk3
Pos=76888,705.514,59420
Orient=0,-0.501213,0,0.865324
Scale=1.675,1.675,1.675
Flags=1

[ENTRY]
ID=151018342
Asset=CL-AridRock3#CL-AridRock3
Pos=76879,708.26,59427
Orient=0,0,0,1
Scale=1,1,1
Flags=1

[ENTRY]
ID=151018343
Asset=CL-AridRock5#CL-AridRock5
Pos=76882,705.033,59571
Orient=0,0,0,1
Scale=1,1,1
Flags=1

[ENTRY]
ID=151018344
Asset=CL-AridBush6#CL-AridBush6
Pos=76753,704.942,59357
Orient=0,0,0,1
Scale=1,1,1
Flags=1

