[ENTRY]
ID=151025292
Asset=CL-SnowyPine2#CL-SnowyPine2
Pos=76964,1074.28,64096
Orient=0.0208876,0.549184,-0.0137325,-0.835328
Scale=1,1,1

