[ENTRY]
ID=151034965
Asset=CL-Autumn_Forest7#CL-Autumn_Forest7
Pos=77600,380.72,42803
Orient=0,0.295521,0,0.955336
Scale=1.3,1.3,1.3
Flags=1

[ENTRY]
ID=151056737
Asset=Manipulator-SpawnPoint
Pos=77770,409.244,43037
Orient=0,0,0,1
Scale=1,1,1
spawnPackage=2a_trf_sectionC1_trees
outerRadius=30

