[ENTRY]
ID=151018059
Asset=Arid_Clutter?d=0.9&s=875677&sz=800
Pos=77905,729.551,60281
Orient=0,-0.223106,0,0.974794
Scale=1,1,1
Flags=1

[ENTRY]
ID=151018381
Asset=Prop-Lamp_Post_Junk#Prop-Lamp_Post_Junk2
Pos=77900,725.468,60554
Orient=0,0.959437,0,0.281922
Scale=1.275,1.275,1.275
Flags=1

[ENTRY]
ID=151018385
Asset=CL-AridRock2#CL-AridRock2
Pos=77880,731.729,60550
Orient=0,0,0,1
Scale=0.575,0.575,0.575
Flags=1

[ENTRY]
ID=151030845
Asset=Manipulator-SpawnPoint
Pos=77933,699.634,60035
Orient=0,0,0,1
Scale=1,1,1
innerRadius=95
spawnPackage=12_vmp_wilds_46_47
outerRadius=100

