[ENTRY]
ID=151019160
Asset=CL-SnowyPine3#CL-SnowyPine3
Pos=77398,810.362,63095
Orient=0,0,0,1
Scale=1,1,1
Flags=1

[ENTRY]
ID=151029513
Asset=Manipulator-SpawnPoint
Pos=77664,698.72,63194
Orient=0,0.314567,0,0.949235
Scale=1,1,1
spawnPackage=12_yti_lumberingBergbackCamp
outerRadius=1

[ENTRY]
ID=151029523
Asset=Manipulator-SpawnPoint
Pos=77969,655.12,63196
Orient=0,0.644218,0,0.764842
Scale=1,1,1
spawnPackage=12_yti_lumberingBergbackCamp
outerRadius=1

[ENTRY]
ID=151029535
Asset=Manipulator-PathNode
Pos=77854,667.196,63033
Orient=0,0,0,1
Scale=1,1,1
links_count=2
link=151029534,1
link=151029536,1

