[ENTRY]
ID=151056650
Asset=Manipulator#Manipulator-PathNode
Pos=77812,483.736,41193
Orient=0,0,0,1
Scale=1,1,1
links_count=1
link=151056649,1

[ENTRY]
ID=151056727
Asset=Manipulator-SpawnPoint
Pos=77724,479.556,41094
Orient=0,0.15438,0,0.988012
Scale=1,1,1
links_count=1
link=151056728,1
spawnPackage=2a_rhl_sectionA8_general

