[ENTRY]
ID=151038142
Asset=CL-Autumn_Forest3#CL-Autumn_Forest3
Pos=78697,401.112,37567
Orient=0,0.448422,0,0.893822
Scale=1,1,1
Flags=1

[ENTRY]
ID=151056960
Asset=Manipulator-SpawnPoint
Pos=78133,384.102,37890
Orient=0,0,0,1
Scale=1,1,1
spawnPackage=2a_trf_sectionC4_general
outerRadius=30

[ENTRY]
ID=151057008
Asset=Manipulator-SpawnPoint
Pos=78459.2,409.537,37685.5
Orient=0,0,0,1
Scale=1,1,1
spawnPackage=2a_trf_sectionC4_trees
outerRadius=30

