[ENTRY]
ID=151056953
Asset=Manipulator-SpawnPoint
Pos=78191.7,441.146,37007.1
Orient=0,0,0,1
Scale=1,1,1
spawnPackage=2a_trf_sectionC4_general
outerRadius=30

[ENTRY]
ID=151057009
Asset=Manipulator-SpawnPoint
Pos=78533,417.806,37436
Orient=0,0,0,1
Scale=1,1,1
spawnPackage=2a_trf_sectionC4_trees
outerRadius=30

[ENTRY]
ID=151059540
Asset=CL-Autumn_Forest5#CL-Autumn_Forest5
Pos=78401.3,431.335,37156.1
Orient=0,0.169182,0,0.985585
Scale=1,1,1
Flags=1

