[ENTRY]
ID=151040033
Asset=CL-SnowyPine1
Pos=78741,1017.95,34248
Orient=0,-0.613117,0,0.789992
Scale=2.875,2.875,2.875

[ENTRY]
ID=151040035
Asset=CL-SnowyPine2
Pos=78392,1420.39,34137
Orient=0,0.953607,0,0.301053
Scale=2.55,2.55,2.55

[ENTRY]
ID=151040036
Asset=CL-SnowyPine2
Pos=78203,1416.92,34108
Orient=0,0.95657,0,0.291502
Scale=2.9,2.9,2.9

