[ENTRY]
ID=151029512
Asset=Manipulator-SpawnPoint
Pos=78276,642.542,63239
Orient=0,0,0,1
Scale=1,1,1
spawnPackage=12_yti_lumberingBergbackCamp
outerRadius=10

[ENTRY]
ID=151029530
Asset=Manipulator-SpawnPoint
Pos=78431,738.529,63011
Orient=0,0.995415,0,0.0956497
Scale=1,1,1
links_count=1
link=151029531,1
spawnPackage=12_yti_lumberingBergbackCamp
outerRadius=10

