[ENTRY]
ID=151029514
Asset=Manipulator-SpawnPoint
Pos=78445,667.772,62238
Orient=0,-0.945784,0,0.324796
Scale=1,1,1
spawnPackage=12_yti_lumberingBergbackCamp
outerRadius=10

[ENTRY]
ID=151029515
Asset=Manipulator-SpawnPoint
Pos=78593,676.38,62206
Orient=0,-0.948985,0,0.315322
Scale=1,1,1
links_count=1
link=151029516,1
spawnPackage=12_yti_lumberingBergbackCamp
outerRadius=10

[ENTRY]
ID=151030817
Asset=Manipulator-SpawnPoint
Pos=78008,590.106,61717
Orient=0,0,0,1
Scale=1,1,1
spawnPackage=12_vmp_wilds_46_47
outerRadius=10

