[ENTRY]
ID=151018006
Asset=Arid_Clutter?d=0.9&s=875677&sz=800
Pos=78773,604.847,55556
Orient=0,0.232843,0,0.972514
Scale=1,1,1
Flags=1

[ENTRY]
ID=151030998
Asset=Manipulator-SpawnPoint
Pos=79237,600.763,55622
Orient=0,0,0,1
Scale=1,1,1
innerRadius=95
spawnPackage=12_vmp_wilds_46_47
outerRadius=100

[ENTRY]
ID=151031000
Asset=Manipulator-SpawnPoint
Pos=79127,696.323,55998
Orient=0,0,0,1
Scale=1,1,1
spawnPackage=12_vmp_wilds_46_47
outerRadius=10

