[ENTRY]
ID=151018007
Asset=Arid_Clutter?d=0.9&s=8898677&sz=800
Pos=79058,616.867,54621
Orient=0,0.232843,0,0.972514
Scale=1,1,1
Flags=1

[ENTRY]
ID=151030990
Asset=Manipulator-SpawnPoint
Pos=79013,620.716,54029
Orient=0,0,0,1
Scale=1,1,1
spawnPackage=12_vmp_wilds_46_47
outerRadius=10

[ENTRY]
ID=151030991
Asset=Manipulator-SpawnPoint
Pos=79261,657.628,54607
Orient=0,0,0,1
Scale=1,1,1
innerRadius=95
spawnPackage=12_vmp_wilds_46_47
outerRadius=100

