[ENTRY]
ID=151056642
Asset=Manipulator#Manipulator-PathNode
Pos=79268,469.394,41543
Orient=0,0,0,1
Scale=1,1,1
links_count=2
link=151056643,1
link=151056644,1

[ENTRY]
ID=151056643
Asset=Manipulator-PathNode
Pos=78999,445.698,41563
Orient=0,0,0,1
Scale=1,1,1
links_count=1
link=151056642,1

[ENTRY]
ID=151056644
Asset=Manipulator-SpawnPoint
Pos=79354,430.276,41916
Orient=0,0.777072,0,0.629412
Scale=1,1,1
links_count=1
link=151056642,1
spawnPackage=2a_rhl_sectionA8_general

[ENTRY]
ID=151056730
Asset=Manipulator-SpawnPoint
Pos=78835,412.576,41637
Orient=0,0,0,1
Scale=1,1,1
spawnPackage=2a_trf_sectionC1_trees
outerRadius=30

