[ENTRY]
ID=151018054
Asset=CL-Burnt-Pine4#CL-Burnt-Pine4
Pos=79324,662.449,59566
Orient=0,0,0,1
Scale=1.175,1.175,1.175
Flags=1

[ENTRY]
ID=151029735
Asset=Manipulator#Manipulator-PathNode
Pos=79004,774.768,59251
Orient=0,0,0,1
Scale=1,1,1
links_count=1
link=151029734,1

[ENTRY]
ID=151029737
Asset=Manipulator-SpawnPoint
Pos=78980,780.039,59257
Orient=0,-0.994924,0,0.100626
Scale=1,1,1
links_count=1
link=151029738,1
spawnPackage=12_vmp_moonskullHunter_46_47
outerRadius=1

[ENTRY]
ID=151029738
Asset=Manipulator#Manipulator-PathNode
Pos=78859,800.403,59278
Orient=0,0,0,1
Scale=1,1,1
links_count=2
link=151029737,1
link=151029739,1

[ENTRY]
ID=151029739
Asset=Manipulator-PathNode
Pos=78773,821.866,59254
Orient=0,0,0,1
Scale=1,1,1
links_count=1
link=151029738,1

[ENTRY]
ID=151030842
Asset=Manipulator-SpawnPoint
Pos=79217,695.022,59738
Orient=0,0,0,1
Scale=1,1,1
innerRadius=95
spawnPackage=12_vmp_wilds_46_47
outerRadius=100

