[ENTRY]
ID=151018000
Asset=CL-Burnt-Pine4#CL-Burnt-Pine4
Pos=79079,690.576,56710
Orient=0,-0.412321,0,0.911039
Scale=3.675,3.675,3.675
Flags=1

[ENTRY]
ID=151018349
Asset=Prop-Lamp_Post_Junk#Prop-Lamp_Post_Junk1
Pos=79140,711.378,56537
Orient=0,-0.992904,0,-0.118921
Scale=1,1,1
Flags=1

[ENTRY]
ID=151018350
Asset=CL-AridBush5#CL-AridBush5
Pos=79139,712.061,56407
Orient=0,0.999991,0,-0.00420359
Scale=1,1,1
Flags=1

