[ENTRY]
ID=151040090
Asset=CL-SnowyPine4
Pos=79288,1004.63,45585
Orient=0,0,0,1
Scale=2.225,2.225,2.225

[ENTRY]
ID=151040091
Asset=CL-SnowyPine5
Pos=79415,972.948,45529
Orient=0,-0.514136,0,0.857709
Scale=2.475,2.475,2.475

[ENTRY]
ID=151056875
Asset=Manipulator-SpawnPoint
Pos=79158,750.779,45056
Orient=0,0.49688,0,0.867819
Scale=1,1,1
links_count=2
link=151056876,1
link=151056879,1
spawnPackage=2a_trf_sectionC0_general

