[ENTRY]
ID=150999969
Asset=CL-Plains_Bush2#CL-Plains_Bush2
Pos=79095,435.03,42117
Orient=0,0,0,1
Scale=1,1,1
Flags=1

[ENTRY]
ID=151056645
Asset=Manipulator-SpawnPoint
Pos=79135,428.673,42557
Orient=0,-0.830497,0,0.557023
Scale=1,1,1
links_count=1
link=151056634,1
spawnPackage=2a_rhl_sectionA8_general

[ENTRY]
ID=151056646
Asset=Manipulator-SpawnPoint
Pos=79275,447.829,42167
Orient=0,0,0,1
Scale=1,1,1
spawnPackage=2a_rhl_sectionA8_general
outerRadius=30

