[ENTRY]
ID=151057792
Asset=Manipulator-SpawnPoint
Pos=78781,465.494,40585
Orient=0,-0.505533,0,0.862807
Scale=1,1,1
spawnPackage=2a_npc_militia

[ENTRY]
ID=151057793
Asset=Manipulator-SpawnPoint
Pos=78902,466.419,40521
Orient=0,-0.568762,0,0.822502
Scale=1,1,1
spawnPackage=2a_npc_militia

[ENTRY]
ID=151057794
Asset=Manipulator-SpawnPoint
Pos=78824,465.674,40512
Orient=0,0.830497,0,0.557023
Scale=1,1,1
links_count=1
link=151057795,1
spawnPackage=2a_npc_militia

