[ENTRY]
ID=151056912
Asset=Manipulator-SpawnPoint
Pos=79151,451.719,37324
Orient=0,-0.624897,0,0.780707
Scale=1,1,1
links_count=1
link=151056911,1
spawnPackage=2a_trf_sectionC4_general

[ENTRY]
ID=151056951
Asset=Manipulator-SpawnPoint
Pos=79112,434.335,36841
Orient=0,0,0,1
Scale=1,1,1
spawnPackage=2a_trf_sectionC4_general
outerRadius=30

[ENTRY]
ID=151057010
Asset=Manipulator-SpawnPoint
Pos=78858,391.39,37413
Orient=0,0,0,1
Scale=1,1,1
spawnPackage=2a_trf_sectionC4_trees
outerRadius=30

[ENTRY]
ID=151057046
Asset=Manipulator-SpawnPoint
Pos=78992,410.872,36823
Orient=0,0,0,1
Scale=1,1,1
spawnPackage=2a_trf_sectionC4_thunderWalker
outerRadius=100

[ENTRY]
ID=151059553
Asset=CL-Autumn_Forest4#CL-Autumn_Forest4
Pos=79282.8,459.321,37026.2
Orient=0,0.940805,0,0.338947
Scale=1,1,1
Flags=1

