[ENTRY]
ID=151018351
Asset=Prop-Lamp_Post_Junk#Prop-Lamp_Post_Junk2
Pos=80228,705.62,55985
Orient=0,-0.404647,0,-0.914473
Scale=1,1,1

[ENTRY]
ID=151018353
Asset=CL-AridBush4#CL-AridBush4
Pos=80218,706.314,56009
Orient=0,-0.305059,0,0.952333
Scale=0.6,0.6,0.6

[ENTRY]
ID=151030999
Asset=Manipulator-SpawnPoint
Pos=79685,668.286,55822
Orient=0,0,0,1
Scale=1,1,1
innerRadius=95
spawnPackage=12_vmp_wilds_46_47
outerRadius=100

