[ENTRY]
ID=151034945
Asset=CL-Autumn_Forest5#CL-Autumn_Forest5
Pos=79585,586.745,44270
Orient=0,0.109778,0,0.993956
Scale=1,1,1
Flags=1

[ENTRY]
ID=151054954
Asset=Bldg-WallGate1#Bldg-WallGate1?ATS=ATS-Castle
Pos=80157,531.049,44865
Orient=0,-0.535416,0,0.844588
Scale=1,1,1
Flags=1

[ENTRY]
ID=151056881
Asset=Manipulator-SpawnPoint
Pos=79588,540.075,44668
Orient=0,0,0,1
Scale=1,1,1
spawnPackage=2a_trf_sectionC0_general
outerRadius=30

