[ENTRY]
ID=150999941
Asset=CL-Plains_Bush1#CL-Plains_Bush1
Pos=80137,411.345,37069
Orient=0,0,0,1
Scale=1,1,1
Flags=1

[ENTRY]
ID=151038063
Asset=CL-Autumn_Forest5#CL-Autumn_Forest5
Pos=80246,509.09,37417
Orient=0,0.169182,0,0.985585
Scale=1,1,1
Flags=1

[ENTRY]
ID=151056954
Asset=Manipulator-SpawnPoint
Pos=79526,421.722,37110
Orient=0,0,0,1
Scale=1,1,1
spawnPackage=2a_trf_sectionC4_general
outerRadius=30

[ENTRY]
ID=151057012
Asset=Manipulator-SpawnPoint
Pos=80113,384.959,36834
Orient=0,0,0,1
Scale=1,1,1
spawnPackage=2a_trf_sectionC4_trees
outerRadius=30

[ENTRY]
ID=151057045
Asset=Manipulator-PathNode
Pos=79636,457.541,36817
Orient=0,0,0,1
Scale=1,1,1
links_count=1
link=151057044,1

