[ENTRY]
ID=151040030
Asset=CL-SnowyPine2
Pos=79977,941.021,35055
Orient=0,0.593177,0,0.805072
Scale=2.55,2.55,2.55

[ENTRY]
ID=151040031
Asset=CL-SnowyPine2
Pos=79891,917.097,34952
Orient=0,0.713863,0,0.700285
Scale=4.425,4.425,4.425

