[ENTRY]
ID=150995087
Asset=Prop-Wooden_Fence2
Pos=79923,271.51,46003
Orient=-0.0299474,-0.0034052,0.00169664,-0.999546
Scale=20,20,20

[ENTRY]
ID=151040092
Asset=CL-SnowyPine3
Pos=79573,1095.82,45833
Orient=0.0499683,-0.940369,-0.0558357,-0.331801
Scale=3.275,3.275,3.275

