[ENTRY]
ID=151027841
Asset=Bldg-BloodTower1?ATS=ATS-Evil_Castle
Pos=80077,1232.81,54241
Orient=0,-0.947396,0,0.320063
Scale=2.375,2.375,2.375

