[ENTRY]
ID=150999936
Asset=CL-Rock-Clutter#CL-Rock-Clutter
Pos=80032,418.864,39649
Orient=0,-0.543835,0,0.839192
Scale=1,1,1
Flags=1

[ENTRY]
ID=150999938
Asset=CL-Plains_Bush1#CL-Plains_Bush1
Pos=79676,453.095,39255
Orient=0,0,0,1
Scale=1,1,1
Flags=1

[ENTRY]
ID=151056970
Asset=Manipulator-SpawnPoint
Pos=79979,398.233,39421
Orient=0,0,0,1
Scale=1,1,1
spawnPackage=2a_trf_sectionC4_general
outerRadius=30

