[ENTRY]
ID=151038150
Asset=CL-Pine_Forest1#CL-Pine_Forest1
Pos=80217,388.51,36534
Orient=0,0,0,1
Scale=2.625,2.625,2.625

[ENTRY]
ID=151038151
Asset=CL-Pine_Forest3#CL-Pine_Forest3
Pos=80129,387.111,36645
Orient=0,-0.443948,0,0.896053
Scale=2.3,2.3,2.3

[ENTRY]
ID=151038153
Asset=CL-Pine_Forest5#CL-Pine_Forest5
Pos=80118,388.394,36664
Orient=0,0,0,1
Scale=1,1,1

[ENTRY]
ID=151056950
Asset=Manipulator-SpawnPoint
Pos=79604,443.273,36609
Orient=0,0,0,1
Scale=1,1,1
spawnPackage=2a_trf_sectionC4_general
outerRadius=30

[ENTRY]
ID=151057011
Asset=Manipulator-SpawnPoint
Pos=79979,388.587,36575
Orient=0,0,0,1
Scale=1,1,1
spawnPackage=2a_trf_sectionC4_trees
outerRadius=30

