[ENTRY]
ID=151026376
Asset=Bldg-Blood_Keep?ATS=ATS-Evil_Castle
Pos=79593,1304.8,53044
Orient=0,-0.862404,0,0.50622
Scale=1.475,1.475,1.475
Flags=1

[ENTRY]
ID=151026635
Asset=CL-Graveyard1#CL-Graveyard1
Pos=79724,1299.87,52554
Orient=0,0.276356,0,0.961055
Scale=2.075,2.075,2.075

[ENTRY]
ID=151031489
Asset=Manipulator-SpawnPoint
Pos=79721,1299.57,52559
Orient=0,0,0,1
Scale=1,1,1
spawnPackage=12_vmp_vampider
outerRadius=1

