[ENTRY]
ID=151018038
Asset=Arid_Clutter?d=0.9&s=875677&sz=800
Pos=80197,737.104,58325
Orient=0,0.501213,0,0.865324
Scale=1,1,1
Flags=1

[ENTRY]
ID=151030889
Asset=Manipulator-SpawnPoint
Pos=79579,709.172,58473
Orient=0,0,0,1
Scale=1,1,1
innerRadius=95
spawnPackage=12_vmp_wilds_46_47
outerRadius=100

[ENTRY]
ID=151030892
Asset=Manipulator-SpawnPoint
Pos=80086,671.32,58222
Orient=0,0,0,1
Scale=1,1,1
innerRadius=95
spawnPackage=12_vmp_wilds_46_47
outerRadius=100

[ENTRY]
ID=151030893
Asset=Manipulator-SpawnPoint
Pos=79654,654.492,57868
Orient=0,0,0,1
Scale=1,1,1
innerRadius=95
spawnPackage=12_vmp_wilds_46_47
outerRadius=100

