[ENTRY]
ID=151018354
Asset=Prop-Lamp_Post_Junk#Prop-Lamp_Post_Junk3
Pos=80951,720.339,55269
Orient=0,0,0,1
Scale=1,1,1
Flags=1

[ENTRY]
ID=151018355
Asset=CL-AridRock3#CL-AridRock3
Pos=80961,721.663,55280
Orient=0,0,0,1
Scale=1,1,1
Flags=1

[ENTRY]
ID=151018364
Asset=CL-Burnt-Pine5#CL-Burnt-Pine5
Pos=80965,691.467,55470
Orient=0,-0.518418,0,0.855127
Scale=1,1,1
Flags=1

[ENTRY]
ID=151026602
Asset=CL-Dead-Forest4#CL-Dead-Forest4
Pos=80537,905.64,54803
Orient=0,0,0,1
Scale=1.35,1.35,1.35

