[ENTRY]
ID=151054964
Asset=Prop-Bridge_a#Prop-Bridge_Broken
Pos=80741,489.103,41542
Orient=0,0.744643,0,0.667463
Scale=1,1,1

[ENTRY]
ID=151054971
Asset=Prop-Lamp_Post_NB1
Pos=80733,487.779,41489
Orient=0,0.0848978,0,0.99639
Scale=1.425,1.425,1.425

[ENTRY]
ID=151054972
Asset=Prop-Lamp_Post_NB1
Pos=80737,489.581,41598
Orient=0,-0.692537,0,0.721382
Scale=1.425,1.425,1.425

