[ENTRY]
ID=151061789
Asset=Prop-Marker_Medium
Pos=80687.8,775.818,48824.8
Orient=0.34759,0,0,0.937647
Scale=20,20,20

