[ENTRY]
ID=150995086
Asset=Prop-Wooden_Fence2
Pos=80391,337.394,46028
Orient=-0.02872,-0.00914349,-0.192014,-0.980931
Scale=20,20,20

