[ENTRY]
ID=151040029
Asset=CL-SnowyPine3
Pos=80339,1390.85,35125
Orient=0,-0.754571,0,0.656218
Scale=1.975,1.975,1.975

