[ENTRY]
ID=151040027
Asset=CL-SnowyPine3
Pos=80446,1149.26,35513
Orient=0,-0.852107,0,0.523367
Scale=3.05,3.05,3.05

