[ENTRY]
ID=151017997
Asset=CL-Burnt-Pine1#CL-Burnt-Pine1
Pos=80857,586.505,59086
Orient=0,0.764329,0,0.644827
Scale=2.05,2.05,2.05

[ENTRY]
ID=151030876
Asset=Manipulator-SpawnPoint
Pos=80503,696.774,59139
Orient=0,0,0,1
Scale=1,1,1
innerRadius=95
spawnPackage=12_vmp_wilds_46_47
outerRadius=100

[ENTRY]
ID=151030891
Asset=Manipulator-SpawnPoint
Pos=80547,648.174,58636
Orient=0,0,0,1
Scale=1,1,1
innerRadius=95
spawnPackage=12_vmp_wilds_46_47
outerRadius=100

