[ENTRY]
ID=150999968
Asset=CL-Plains_Bush2#CL-Plains_Bush2
Pos=80974,423.644,43585
Orient=0,0.681639,0,0.731689
Scale=1,1,1

[ENTRY]
ID=151056884
Asset=Manipulator-SpawnPoint
Pos=80552,387.037,43569
Orient=0,0,0,1
Scale=1,1,1
spawnPackage=2a_trf_sectionC0_general
outerRadius=30

[ENTRY]
ID=151056888
Asset=Manipulator-SpawnPoint
Pos=80774,436.545,44166
Orient=0,0,0,1
Scale=1,1,1
spawnPackage=2a_trf_sectionC0_general
outerRadius=30

[ENTRY]
ID=151056890
Asset=Manipulator-SpawnPoint
Pos=80988,442.596,43529
Orient=0,0,0,1
Scale=1,1,1
spawnPackage=2a_trf_sectionC0_general
outerRadius=30

[ENTRY]
ID=151056902
Asset=Manipulator-SpawnPoint
Pos=80635,423.354,44204
Orient=0,0.993303,0,0.115538
Scale=1,1,1
links_count=1
link=151056903,1
spawnPackage=2a_trf_sectionC0_general

