[ENTRY]
ID=151020502
Asset=CL-Dead-Web_Forest3#CL-Dead-Web_Forest3
Pos=80933,961.451,53157
Orient=0,0,0,1
Scale=1,1,1
Flags=1

[ENTRY]
ID=151026620
Asset=Prop-Dead-Forest-Tree#Prop-Dead-Forest-Tree5
Pos=80276,1654.32,52665
Orient=0,0,0,1
Scale=0.65,0.65,0.65

[ENTRY]
ID=151027842
Asset=Bldg-BloodTower1?ATS=ATS-Evil_Castle
Pos=80886,1137.55,53153
Orient=0,-0.124675,0,0.992198
Scale=1.5,1.5,1.5

