[ENTRY]
ID=151020685
Asset=CL-AridBush3#CL-AridBush3
Pos=81259,964.244,53221
Orient=0,0.416871,0,0.908966
Scale=1,1,1
Flags=1

