[ENTRY]
ID=151040025
Asset=CL-SnowyPine3
Pos=81632,1052.2,35988
Orient=0,-0.29074,0,0.956802
Scale=1.975,1.975,1.975

[ENTRY]
ID=151040026
Asset=CL-SnowyPine2
Pos=81144,1247.78,35862
Orient=0,0.757842,0,0.652438
Scale=2.55,2.55,2.55

