[ENTRY]
ID=151040000
Asset=CL-SnowyPine3#CL-SnowyPine3
Pos=82202,915.097,41434
Orient=0,0,0,1
Scale=1.975,1.975,1.975

[ENTRY]
ID=151040001
Asset=CL-SnowyPine4#CL-SnowyPine4
Pos=81862,802.6,41680
Orient=0,0,0,1
Scale=2.225,2.225,2.225

[ENTRY]
ID=151040002
Asset=CL-SnowyPine5#CL-SnowyPine5
Pos=82413,763.843,41777
Orient=0,-0.514136,0,0.857709
Scale=2.475,2.475,2.475

