[ENTRY]
ID=151040083
Asset=CL-SnowyPine4
Pos=82175,1111.72,44405
Orient=0,0,0,1
Scale=2.225,2.225,2.225

[ENTRY]
ID=151040084
Asset=CL-SnowyPine5
Pos=82486,1126.33,44547
Orient=0,-0.514136,0,0.857709
Scale=2.475,2.475,2.475

