[ENTRY]
ID=151040016
Asset=CL-SnowyPine1
Pos=83026,1463.34,36045
Orient=0,0,0,1
Scale=2.875,2.875,2.875

[ENTRY]
ID=151040017
Asset=CL-SnowyPine3
Pos=82590,886.794,36241
Orient=0,-0.710353,0,0.703845
Scale=1.975,1.975,1.975

