[ENTRY]
ID=151040075
Asset=CL-SnowyPine4
Pos=83124,1347.48,41839
Orient=0,0,0,1
Scale=2.225,2.225,2.225

[ENTRY]
ID=151040078
Asset=CL-SnowyPine2
Pos=82582,1256.84,41287
Orient=0,-0.198669,0,0.980067
Scale=2.65,2.65,2.65

