[ENTRY]
ID=151040074
Asset=CL-SnowyPine3
Pos=83384,1147.51,40795
Orient=0,0.242556,0,0.970137
Scale=1.975,1.975,1.975

[ENTRY]
ID=151040077
Asset=CL-SnowyPine1
Pos=83417,1443.64,40617
Orient=0,0,0,1
Scale=2.875,2.875,2.875

