[ENTRY]
ID=151040014
Asset=CL-SnowyPine1
Pos=83403,1429.33,37106
Orient=0,0,0,1
Scale=2.875,2.875,2.875

[ENTRY]
ID=151040022
Asset=CL-SnowyPine3
Pos=83380,1424.92,37218
Orient=0,-0.930216,0,0.367013
Scale=1.975,1.975,1.975

