[ENTRY]
ID=151061811
Asset=Prop-Marker_Medium
Pos=83909.3,546.094,55794.6
Orient=0.34759,0,0,0.937647
Scale=20,20,20

