[ENTRY]
ID=151061812
Asset=Prop-Marker_Medium
Pos=84340,694.373,56147
Orient=0.34759,0,0,0.937647
Scale=20,20,20

