[ENTRY]
ID=151061824
Asset=Prop-Marker_Medium
Pos=88672.3,1204.88,54772.3
Orient=0.34759,0,0,0.937647
Scale=20,20,20

