[ENTRY]
ID=151061692
Asset=Prop-Rock2
Pos=90183.9,1180.97,54198.4
Orient=-0.138307,-0.646236,-0.146973,-0.735968
Scale=25,25,25

[ENTRY]
ID=151061697
Asset=Prop-Pine-Sick_Tree1
Pos=90479.7,1113.95,54163.7
Orient=0,0,0.0449848,0.998988
Scale=5.85,5.85,5.85

[ENTRY]
ID=151061827
Asset=Prop-Marker_Medium
Pos=90009,1189.61,54617
Orient=0.34759,0,0,0.937647
Scale=20,20,20

[ENTRY]
ID=151061828
Asset=Prop-Marker_Medium
Pos=90465.9,1136.17,54502.7
Orient=0.34759,0,0,0.937647
Scale=20,20,20

