[ENTRY]
ID=151061840
Asset=Prop-Marker_Medium
Pos=92816,1110.79,58045.9
Orient=0.34759,0,0,0.937647
Scale=20,20,20

