[ENTRY]
ID=151061842
Asset=Prop-Marker_Medium
Pos=93152.2,1147.2,59006.7
Orient=0.34759,0,0,0.937647
Scale=20,20,20

