[ENTRY]
ID=151061845
Asset=Prop-Marker_Medium
Pos=93684.3,1216.76,60257.7
Orient=0.34759,0,0,0.937647
Scale=20,20,20

