[ENTRY]
ID=151061846
Asset=Prop-Marker_Medium
Pos=94059.2,1211.73,60537.2
Orient=0.34759,0,0,0.937647
Scale=20,20,20

