[ENTRY]
ID=151061701
Asset=Prop-Pine-Sick_Tree1
Pos=94141.5,1016.66,57865.8
Orient=0,0,-0.0649542,0.997888
Scale=4.6,4.6,4.6

[ENTRY]
ID=151061708
Asset=Prop-Rock2
Pos=94463.1,1014,57879.8
Orient=-0.138307,-0.646236,-0.146973,-0.735968
Scale=25,25,25

