[ENTRY]
ID=151061703
Asset=Prop-Pine-Sick_Tree1
Pos=94872.1,974.449,57487.3
Orient=-0.0392697,0.00755234,0.0599161,0.997402
Scale=4.6,4.6,4.6

