[ENTRY]
ID=151061702
Asset=Prop-Pine-Sick_Tree1
Pos=94758.9,962.906,57845.1
Orient=0,0,0.0449848,0.998988
Scale=5.85,5.85,5.85

