[ENTRY]
ID=151061851
Asset=Prop-Marker_Medium
Pos=95388.3,1223.66,62213
Orient=0.34759,0,0,0.937647
Scale=20,20,20

