[ENTRY]
ID=151061710
Asset=Prop-Pine-Sick_Tree1
Pos=95420,971.7,55613.6
Orient=0,0,-0.0649542,0.997888
Scale=4.6,4.6,4.6

[ENTRY]
ID=151061717
Asset=Prop-Rock2
Pos=95741.6,971.123,55627.6
Orient=-0.138307,-0.646236,-0.146973,-0.735968
Scale=25,25,25

