[ENTRY]
ID=151061712
Asset=Prop-Pine-Sick_Tree1
Pos=96150.6,917.082,55235.1
Orient=-0.0392697,0.00755234,0.0599161,0.997402
Scale=4.6,4.6,4.6

