[ENTRY]
ID=151061711
Asset=Prop-Pine-Sick_Tree1
Pos=96037.4,931.495,55592.9
Orient=0,0,0.0449848,0.998988
Scale=5.85,5.85,5.85

