[ENTRY]
ID=1392510854
Asset=Prop-Lamp_Post_NB1
Pos=16654.6,1144.05,31557.4
Orient=0,-0.710353,0,0.703845
Scale=1.225,1.225,1.225
Flags=1

