[ENTRY]
ID=1392511486
Asset=Prop-Palm-Tree#Prop-Palm-Tree2
Pos=17587,1618.07,22856.5
Orient=-0.0551845,0.548744,0.0967963,0.828532
Scale=1.425,1.425,1.425

[ENTRY]
ID=1392511487
Asset=Prop-Palm-Tree#Prop-Palm-Tree4
Pos=17599.4,1615.02,22835.7
Orient=-0.135207,0.534971,-0.0530193,0.832295
Scale=1.425,1.425,1.425

