[ENTRY]
ID=1392511206
Asset=Prop-Lamp_Post_NB1
Pos=18610.7,1218.36,35139
Orient=0,-0.710353,0,0.703845
Scale=1.225,1.225,1.225

