[ENTRY]
ID=1392510849
Asset=Prop-Lamp_Post_NB1
Pos=19872.2,1213.59,33604.4
Orient=0,-0.710353,0,0.703845
Scale=1.225,1.225,1.225
Flags=1

