[ENTRY]
ID=1392510772
Asset=Prop-Bush-Large3#Prop-Bush-Large3
Pos=19513.7,1593.69,26041.2
Orient=0,-0.20846,0,0.978031
Scale=2.75,2.75,2.75

[ENTRY]
ID=1392511170
Asset=Prop-Lamp_Post_NB1
Pos=19061.8,1551.37,26175.1
Orient=0,-0.174108,0,0.984727
Scale=1,1,1

[ENTRY]
ID=1392511181
Asset=Prop-Lamp_Post_NB#Prop-Lamp_Post_NB1
Pos=19535.1,1561.96,26447.6
Orient=0,-0.174108,0,0.984727
Scale=1,1,1

