[ENTRY]
ID=1392510774
Asset=Prop-Bush-Med3
Pos=19290.6,1584.85,25479.3
Orient=0,0,0,1
Scale=1.85,1.85,1.85

[ENTRY]
ID=1392510775
Asset=Prop-Rock4
Pos=19307.5,1583.08,25476.7
Orient=0,0.846832,0,0.531861
Scale=3.275,3.275,3.275

[ENTRY]
ID=1392510776
Asset=Prop-Rock2
Pos=19297,1583.07,25496.1
Orient=0,0.98279,0,0.184729
Scale=3.275,3.275,3.275

