[ENTRY]
ID=1000189
PlacedBy=0
Asset=Prop-Lamp_Post1
Name=Untitled
PX=53480
PY=343.87
PZ=36140.7
QX=0
QY=0
QZ=0
QW=31.9999
SX=1
SY=1
SZ=1
Flags=0
Layer=0
patrolSpeed=0
patrolEvent=

[ENTRY]
ID=1001233
PlacedBy=0
Asset=Prop-Statue-Head_Feline_Male
Name=Untitled
PX=50444.3
PY=517.807
PZ=49131.4
QX=0
QY=-0.707107
QZ=0
QW=0.707107
SX=1
SY=1
SZ=1
Flags=0
Layer=0
patrolSpeed=0
patrolEvent=

