[ENTRY]
ID=1002589
PlacedBy=0
Asset=Bldg-Castle1?ATS=ATS-Castle
Name=Untitled
PX=28729.2
PY=225.565
PZ=65155.4
QX=0
QY=0.328769
QZ=0
QW=0.94441
SX=1
SY=1
SZ=1
Flags=0
Layer=0
patrolSpeed=0
patrolEvent=

