[ENTRY]
ID=1358966728
Asset=Prop-Instance_Entrance
Name=81
Pos=27750.9,390.309,70048.8
Orient=0,-0.993486,0,-0.113955
Scale=2.975,2.975,2.975

[ENTRY]
ID=1358966729
Asset=Light-Medium?COLOR=33FFFF
Name=81
Pos=27780.9,378.352,70048
Orient=0,-0.734548,0,0.678557
Scale=1,1,1

