[ENTRY]
ID=1358962736
Asset=Par-Waves-1-Emitter
Name=81
Pos=28899.5,61.1826,68421.9
Orient=0,0.99524,0,0.0974562
Scale=3,3,3
Flags=1

