[ENTRY]
ID=1358962747
Asset=Effects#Par-Waves-1-Emitter
Name=81
Pos=29520.9,60.7705,59856
Orient=0,-0.852108,0,0.523366
Scale=2,2,2
Flags=1

