[ENTRY]
ID=1358966980
Asset=Effects#Par-Snow1-Emitter
Name=81
Pos=30063,178.303,69563.8
Orient=0,0.352274,0,0.935897
Scale=1,1,1

