[ENTRY]
ID=1358962739
Asset=Effects#Par-Waves-1-Emitter
Name=81
Pos=32703.5,67.2131,64149
Orient=0,-0.852108,0,0.523366
Scale=2,2,2
Flags=1

[ENTRY]
ID=1358962745
Asset=Par-Waves-1-Emitter
Name=81
Pos=32273.4,60.2762,64649
Orient=0,-0.999983,0,0.00579616
Scale=2,2,2

