[ENTRY]
ID=1358954643
Asset=CL-Bramble_Thicket1
Name=81
Pos=32937.8,213.058,60298
Orient=0.129855,-0.756479,-0.108445,0.631757
Scale=2.15,2.15,2.15
Flags=1

[ENTRY]
ID=1358957751
Asset=Manipulator-SpawnPoint
Name=81
Pos=32911.4,250.652,60179.3
Orient=0,0,0,1
Scale=1,1,1
Layer=1358954594

