[ENTRY]
ID=1358966977
Asset=Effects#Par-Snow1-Emitter
Name=81
Pos=33053.8,191.299,68132
Orient=0,-0.822049,0,0.569417
Scale=1,1,1

