[ENTRY]
ID=1358962761
Asset=Effects#Par-Waves-1-Emitter
Name=81
Pos=33924.4,60.2663,54572
Orient=0,-0.324043,0,0.946042
Scale=3,3,3

