[ENTRY]
ID=1358966686
Asset=Par-Waves-1-Emitter
Name=81
Pos=34461.7,60.9609,56569
Orient=0,-0.946885,0,-0.321572
Scale=2.5,2.5,2.5

