[ENTRY]
ID=1358965108
Asset=CL-Roadside2#CL-Roadside2
Name=81
Pos=34468.2,285.831,59877
Orient=0,0.944148,0,0.329521
Scale=1,1,1
Flags=1

[ENTRY]
ID=1358965961
Asset=CL-Plains_Bush2#CL-Plains_Bush2
Name=81
Pos=34229.3,248.522,59576.6
Orient=0,0.0249974,0,0.999687
Scale=1,1,1
Flags=1

