[ENTRY]
ID=1358961833
Asset=Manipulator-SpawnPoint
Name=81
Pos=35069.3,151.934,56862
Orient=0,0,0,1
Scale=1,1,1
Layer=1358957240

[ENTRY]
ID=1358962760
Asset=Effects#Par-Waves-1-Emitter
Name=81
Pos=35184,60.9609,56331.4
Orient=0,-0.991249,0,-0.132003
Scale=2.5,2.5,2.5
Flags=1

