[ENTRY]
ID=1358965109
Asset=CL-Roadside3#CL-Roadside3
Name=81
Pos=35288.2,301.045,60108.4
Orient=0,-0.988652,0,0.150225
Scale=1.5,1.5,1.5
Flags=1

