[ENTRY]
ID=1358962769
Asset=Par-Waves-1-Emitter
Name=81
Pos=35368.7,60.2209,51187
Orient=0,-0.939099,0,0.343646
Scale=2.5,2.5,2.5

