[ENTRY]
ID=1358965124
Asset=CL-Roadside2#CL-Roadside2
Name=81
Pos=36779.4,403.154,67344
Orient=0,0,0,1
Scale=1.5,1.5,1.5

[ENTRY]
ID=1358966815
Asset=CL-Roadside3#CL-Roadside3
Name=81
Pos=36658,411.498,67401.8
Orient=-0.141833,-0.889629,-0.16767,-0.400413
Scale=1.5,1.5,1.5

[ENTRY]
ID=1358966817
Asset=CL-Wooden_Fence1
Name=81
Pos=36602.3,440.899,67343.3
Orient=0.0866937,-0.373554,-0.161989,0.909231
Scale=1.5,1.5,1.5

