[ENTRY]
ID=1358966819
Asset=Prop-Hill_Tree2
Name=81
Pos=36294.1,471.541,65621.5
Orient=0,0.881958,0,0.471329
Scale=2.125,2.125,2.125

