[ENTRY]
ID=1358962593
Asset=Prop-Stump3
Name=81
Pos=37859.4,296.271,66510
Orient=0,0.448423,0,0.893821
Scale=1.45,1.45,1.45
Flags=1

[ENTRY]
ID=1358962596
Asset=Prop-Stump3
Name=81
Pos=37843,297.645,66180
Orient=0,0.21823,0,0.975897
Scale=2.15,2.15,2.15
Flags=1

[ENTRY]
ID=1358962597
Asset=Prop-Stump3
Name=81
Pos=37996.5,284.163,66656
Orient=0,-0.605186,0,0.796084
Scale=1,1,1
Flags=1

