[ENTRY]
ID=1358964925
Asset=CL-Hills_RockGiant3#CL-Hills_RockGiant3
Name=81
Pos=38796.5,286.801,53913
Orient=0,-0.727726,0,0.685868
Scale=1,1,1
Flags=1

[ENTRY]
ID=1358965410
Asset=CL-Hills_Rock3#CL-Hills_Rock3
Name=81
Pos=38237,541.421,53382.7
Orient=0,-0.443948,0,0.896053
Scale=1,1,1

[ENTRY]
ID=1358966964
Asset=CL-Hills_Tree4
Name=81
Pos=38976.2,328.257,53348
Orient=0,0.773915,0,0.63329
Scale=1.35,1.35,1.35
Flags=1

