[ENTRY]
ID=1358964999
Asset=CL-Roadside3
Name=81
Pos=38036.6,304.932,50163
Orient=0.00491267,-0.135231,0.000667296,0.990802
Scale=1.5,1.5,1.5

[ENTRY]
ID=1358966856
Asset=CL-Roadside2
Name=81
Pos=38208.6,314.323,50634.3
Orient=0,-0.697278,0,-0.716801
Scale=1.5,1.5,1.5

