[ENTRY]
ID=1358965077
Asset=CL-Roadside2#CL-Roadside2
Name=81
Pos=38412.2,342.915,59366.6
Orient=-0.0163665,-0.55998,-0.0270497,0.827903
Scale=1.5,1.5,1.5
Flags=1

[ENTRY]
ID=1358966748
Asset=Prop-Wooden_Post
Name=81
Pos=38276,325.825,59007
Orient=0,0,-0.174108,0.984727
Scale=1,1,1
Flags=1

