[ENTRY]
ID=1358962594
Asset=Prop-Stump3
Name=81
Pos=38411.9,277.117,66556
Orient=0,-0.706825,0,0.707389
Scale=1.45,1.45,1.45
Flags=1

[ENTRY]
ID=1358962595
Asset=Prop-Stump3
Name=81
Pos=38171.8,308.354,66300
Orient=0,-0.505533,0,0.862807
Scale=2.875,2.875,2.875
Flags=1

[ENTRY]
ID=1358966820
Asset=Prop-Hill_Tree3
Name=81
Pos=38209.1,323.374,66496.8
Orient=0,-0.967462,0,0.253016
Scale=1.1,1.1,1.1
Flags=1

