[ENTRY]
ID=1358962577
Asset=CL-Roadside2#CL-Roadside2
Name=81
Pos=38601.1,334.312,61079.6
Orient=-0.0447476,-0.595516,0.0601008,0.799841
Scale=1.5,1.5,1.5
Flags=1

[ENTRY]
ID=1358965076
Asset=CL-Roadside3#CL-Roadside3
Name=81
Pos=38676.5,364.052,61856.2
Orient=0,-0.593178,0,0.805072
Scale=1.5,1.5,1.5

[ENTRY]
ID=1358966810
Asset=CL-Wooden_Fence1#CL-Wooden_Fence1
Name=81
Pos=38576.2,344.192,61157.2
Orient=0,0.407761,0,0.913089
Scale=1.35,1.35,1.35
Flags=1

