[ENTRY]
ID=1358962772
Asset=Effects#Par-Waves-1-Emitter
Name=81
Pos=38355.6,60.5363,49090
Orient=0,-0.983373,0,0.181597
Scale=2,2,2
Flags=1

[ENTRY]
ID=1358962774
Asset=Effects#Par-Waves-1-Emitter
Name=81
Pos=38926.1,61.1447,49133
Orient=0,0.971148,0,0.238476
Scale=1.5,1.5,1.5

[ENTRY]
ID=1358966965
Asset=CL-UndeadTree2
Name=81
Pos=38094.5,199.84,49525.1
Orient=0,0,0,1
Scale=1.225,1.225,1.225

[ENTRY]
ID=1358966966
Asset=CL-UndeadTree1#CL-UndeadTree1
Name=81
Pos=38412.3,184.826,49550.2
Orient=0,0,0,1
Scale=1.225,1.225,1.225

