[ENTRY]
ID=1358954788
Asset=Forest?d=0.7&amp;s=871899&amp;sz=1200
Name=81
Pos=38971.4,200.375,68386
Orient=0,-0.997606,0,-0.0691479
Scale=0.95,0.95,0.95
Flags=1

