[ENTRY]
ID=1358962780
Asset=Par-Waves-1-Emitter
Name=81
Pos=39617.1,62.7623,50600.5
Orient=0,0.543835,0,0.839192
Scale=2,2,2
Flags=1

[ENTRY]
ID=1358962781
Asset=Effects#Par-Waves-1-Emitter
Name=81
Pos=39017.6,60.5974,50846
Orient=0,0.548024,0,0.836462
Scale=1.7,1.7,1.7
Flags=1

