[ENTRY]
ID=1358961377
Asset=Manipulator-SpawnPoint
Name=81
Pos=39687.5,232.113,51792.8
Orient=0,0,0,1
Scale=1,1,1
Layer=1358955506

[ENTRY]
ID=1358961478
Asset=Manipulator-SpawnPoint
Name=81
Pos=39800.4,273.971,51985.1
Orient=0,-0.914795,0,0.403919
Scale=1,1,1
Layer=1358955460

[ENTRY]
ID=1358962997
Asset=Par-Waves-1-Emitter
Name=81
Pos=39617.1,62.7623,51088
Orient=0,0.945784,0,0.324796
Scale=2,2,2

