[ENTRY]
ID=1358962805
Asset=Par-Waves-1-Emitter
Name=81
Pos=39169.4,61.7727,69949.6
Orient=-0.00153484,-0.102271,-0.00795261,0.994724
Scale=3,3,3
Flags=1

