[ENTRY]
ID=1358958345
Asset=Manipulator-PathNode
Name=81
Pos=40183.4,251.75,52628
Orient=0,0,0,1
Scale=1,1,1

[ENTRY]
ID=1358966845
Asset=CL-Roadside4#CL-Roadside4
Name=81
Pos=40530.1,290.945,52312.5
Orient=0,0.999667,0,0.0257935
Scale=1.5,1.5,1.5
Flags=1

[ENTRY]
ID=1358966931
Asset=CL-Wooden_Fence2
Name=81
Pos=40558,284.611,52231
Orient=0,0,0,1
Scale=1.5,1.5,1.5
Flags=1

