[ENTRY]
ID=1358962999
Asset=Effects#Par-Waves-1-Emitter
Name=81
Pos=40480.8,61.6127,43348.6
Orient=0,0.496881,0,0.867819
Scale=3,3,3
Flags=1

