[ENTRY]
ID=1358962779
Asset=Par-Waves-1-Emitter
Name=81
Pos=40261.8,62.7623,51162
Orient=0,0.984588,0,0.174892
Scale=2,2,2
Flags=1

