[ENTRY]
ID=1358965113
Asset=CL-Wooden_Fence1#CL-Wooden_Fence1
Name=81
Pos=40294.3,352.061,62701
Orient=0,-0.276356,0,0.961055
Scale=1.5,1.5,1.5
Flags=1

[ENTRY]
ID=1358966864
Asset=CL-Wooden_Fence3#CL-Wooden_Fence3
Name=81
Pos=40214.9,345.574,62756
Orient=0,-0.309817,0,0.950796
Scale=1.5,1.5,1.5
Flags=1

