[ENTRY]
ID=1358954938
Asset=Forest?d=1.1&amp;s=871999&amp;sz=800
Name=81
Pos=40912.7,654.119,64924
Orient=0,0.754571,0,0.656218
Scale=2.075,2.075,2.075
Flags=1

