[ENTRY]
ID=1358963002
Asset=Par-Waves-1-Emitter
Name=81
Pos=41183.7,61.6127,48116
Orient=0,-0.804599,0,0.593819
Scale=3,3,3
Flags=1

