[ENTRY]
ID=1358962998
Asset=Effects#Par-Waves-1-Emitter
Name=81
Pos=41376.9,61.5298,50356
Orient=0,-0.744643,0,0.667463
Scale=3,3,3
Flags=1

