[ENTRY]
ID=1358962978
Asset=Par-Waves-1-Emitter
Name=81
Pos=41328.9,61.6127,44369
Orient=0,-0.548024,0,0.836463
Scale=3,3,3
Flags=1

