[ENTRY]
ID=1358965825
Asset=Forest?d=0.9&amp;s=871817&amp;sz=800%0D%0A
Name=81
Pos=41992.4,208.182,43837.8
Orient=0,-0.937923,0,-0.346843
Scale=1,1,1
Flags=1

[ENTRY]
ID=1358965907
Asset=Forest?d=0.9&amp;s=833876&amp;sz=800
Name=81
Pos=41661.4,184.8,43847.3
Orient=0,0.582331,0,-0.812952
Scale=0.625,0.625,0.625
Flags=1

[ENTRY]
ID=1358966688
Asset=Par-Waves-1-Emitter
Name=81
Pos=41180,61.6127,43765.3
Orient=0,-0.663135,0,0.7485
Scale=3,3,3
Flags=1

[ENTRY]
ID=1358966969
Asset=Par-Waves-1-Emitter
Name=81
Pos=41337,60.8586,43227.9
Orient=0,-0.87959,0,0.475733
Scale=3,3,3
Flags=1

