[ENTRY]
ID=1358963001
Asset=Par-Waves-1-Emitter
Name=81
Pos=41353.8,61.6127,45201.1
Orient=0,-0.744643,0,0.667463
Scale=3,3,3
Flags=1

