[ENTRY]
ID=1358962718
Asset=Effects#Par-Waves-1-Emitter
Name=81
Pos=42425.7,60.9294,70031
Orient=0,0.0948572,0,0.995491
Scale=3,3,3
Flags=1

