[ENTRY]
ID=1358954763
Asset=CL-Roadside1
Name=81
Pos=42532.7,248.675,67126
Orient=0,0.0848977,0,0.99639
Scale=1.5,1.5,1.5
Flags=1

[ENTRY]
ID=1358965114
Asset=CL-Wooden_Fence1#CL-Wooden_Fence1
Name=81
Pos=42211.5,269.605,67317
Orient=-0.00987084,-0.987051,0.00160101,0.160096
Scale=1.5,1.5,1.5
Flags=1

