[ENTRY]
ID=1358964183
Asset=CL-Rock-Clutter#CL-Rock-Clutter
Name=81
Pos=43031.5,251.591,52452
Orient=0,-0.548025,0,0.836462
Scale=1,1,1
Flags=1

