[ENTRY]
ID=1358963391
Asset=Bldg-WallGate1_Camelot#Bldg-WallGate1_Camelot?ATS=ATS-Castle_Camelot
Name=81
Pos=43038.1,165.999,42817
Orient=0,0.505876,0,0.862606
Scale=1,1,1
Flags=1

[ENTRY]
ID=1358966968
Asset=Forest?d=0.9&amp;s=833876&amp;sz=800
Name=81
Pos=43076.5,199.481,42138
Orient=0,0.969944,0,0.24333
Scale=0.7,0.7,0.7

