[ENTRY]
ID=1358954573
Asset=Prop-Tree-Cut_Down_Oak1
Name=81
Pos=43198.4,125.651,56763
Orient=-0.748227,-0.251346,-0.448509,0.419311
Scale=1.5,1.5,1.5
Flags=1

