[ENTRY]
ID=1358964992
Asset=CL-Roadside2#CL-Roadside2
Name=81
Pos=43264.9,187.076,49218
Orient=0.0337002,-0.617161,0.0137133,0.785995
Scale=1.5,1.5,1.5

[ENTRY]
ID=1358965894
Asset=CL-Hills_Tree6#CL-Hills_Tree6
Name=81
Pos=43401.6,245.344,49180
Orient=0,0,0,1
Scale=1,1,1

[ENTRY]
ID=1358966928
Asset=CL-Wooden_Fence2
Name=81
Pos=43328.9,189.763,49338.1
Orient=0,0.854714,0,0.519099
Scale=1.5,1.5,1.5

