[ENTRY]
ID=1358964169
Asset=Forest?d=0.9&amp;s=873439&amp;sz=800
Name=81
Pos=43356.5,192.39,46709
Orient=0,-0.80352,0,0.595277
Scale=1,1,1
Flags=1

[ENTRY]
ID=1358964942
Asset=Forest?d=0.9&amp;s=871369&amp;sz=800
Name=81
Pos=43584.9,205.917,46381
Orient=0,-0.539632,0,0.841901
Scale=1.225,1.225,1.225
Flags=1

