[ENTRY]
ID=1358966840
Asset=CL-Roadside5#CL-Roadside5
Name=81
Pos=43061.9,204.223,51204.6
Orient=0,0.868215,0,-0.496189
Scale=1.5,1.5,1.5
Flags=1

