[ENTRY]
ID=1358955147
Asset=Manipulator-PathNode
Name=81
Pos=43619.4,188.836,65891.7
Orient=0,0,0,1
Scale=1,1,1

[ENTRY]
ID=1358964917
Asset=CL-Roadside3
Name=81
Pos=43510.7,190.289,65998
Orient=-0.0139485,0.398366,-0.0320927,0.916559
Scale=1.5,1.5,1.5
Flags=1

[ENTRY]
ID=1358964949
Asset=Bldg-Urban-Medium_Facade3?ATS=ATS-Camelot
Name=81
Pos=43579.8,184.27,65314
Orient=0,0.993303,0,0.115538
Scale=1.175,1.175,1.175
Flags=1

