[ENTRY]
ID=1358965157
Asset=CL-Roadside2
Name=81
Pos=44911.1,205.129,50748.7
Orient=0,0,-0.0149994,0.999888
Scale=1.5,1.5,1.5

[ENTRY]
ID=1358966935
Asset=CL-Roadside5#CL-Roadside5
Name=81
Pos=44382.3,207.807,50619.3
Orient=-0.0021983,-0.0549283,0.00998478,0.998438
Scale=1.5,1.5,1.5
Flags=1

[ENTRY]
ID=1358966937
Asset=CL-Wooden_Fence2
Name=81
Pos=44305.6,212.366,50700
Orient=0,-0.0649542,0,0.997888
Scale=1.5,1.5,1.5
Flags=1

