[ENTRY]
ID=1358963201
Asset=Swamp_Ruin?d=0.9&amp;s=122393&amp;sz=800
Name=81
Pos=44413.1,94.1548,54659
Orient=0,-0.605186,0,0.796084
Scale=1,1,1
Flags=1

