[ENTRY]
ID=1358964782
Asset=CL-Market_Stall-Reagents#CL-Market_Stall-Reagents
Name=81
Pos=44023.5,189.912,65740
Orient=0,-0.556361,0,0.830941
Scale=1,1,1
Flags=1

[ENTRY]
ID=1358966603
Asset=Manipulator-SpawnPoint
Name=81
Pos=44945.8,85.3962,65962.5
Orient=0,0,0,1
Scale=1,1,1
Layer=1358958154

[ENTRY]
ID=1358966616
Asset=Manipulator-SpawnPoint
Name=81
Pos=44886.2,75.1186,65628.2
Orient=0,0,0,1
Scale=1,1,1
Layer=1358958160

[ENTRY]
ID=1358966619
Asset=Manipulator#Manipulator-PathNode
Name=81
Pos=44940.2,94.417,65659.4
Orient=0,0,0,1
Scale=1,1,1

[ENTRY]
ID=1358966620
Asset=Manipulator-PathNode
Name=81
Pos=44903,105.383,65671.3
Orient=0,0,0,1
Scale=1,1,1

