[ENTRY]
ID=1358962802
Asset=Par-Waves-1-Emitter
Name=81
Pos=44062.9,60.2242,69977
Orient=0.0049578,0.129632,-0.00064814,0.99155
Scale=1.5,1.5,1.5
Flags=1

[ENTRY]
ID=1358962803
Asset=Effects#Par-Waves-1-Emitter
Name=81
Pos=44879.1,59.346,69792
Orient=0.0800377,-0.0796263,-0.0283122,0.993203
Scale=1.5,1.5,1.5
Flags=1

