[ENTRY]
ID=1358965194
Asset=Forest?d=0.9&amp;s=871817&amp;sz=800
Name=81
Pos=44177.4,181.35,41356
Orient=0,0.727725,0,0.685869
Scale=0.925,0.925,0.925

