[ENTRY]
ID=1358955744
Asset=CL-Camp3
Name=81
Pos=45934.2,324.035,63442
Orient=0,0.989621,0,-0.143704
Scale=1.475,1.475,1.475
Flags=1

[ENTRY]
ID=1358956385
Asset=CL-Camp3
Name=81
Pos=45924.1,324.069,63278
Orient=0,0,0,1
Scale=1.475,1.475,1.475
Flags=1

