[ENTRY]
ID=1358965013
Asset=Prop-Lamp_Post1#Prop-Lamp_Post1
Name=81
Pos=45851.6,223.473,50688.8
Orient=3.27826e-007,0.0499792,-7.45058e-009,0.99875
Scale=1.5,1.5,1.5
Flags=1

