[ENTRY]
ID=1358967115
Asset=Prop-Swamp-Tree3
Name=81
Pos=46557.8,91.6843,58475.4
Orient=0,0.95209,0,0.305817
Scale=2.5,2.5,2.5

[ENTRY]
ID=1358967122
Asset=Swamp_Ruin?d=0.9&amp;s=123693&amp;sz=800
Name=81
Pos=46437.4,98.7655,58807
Orient=0,-0.605186,0,0.796084
Scale=1,1,1
Flags=1

