[ENTRY]
ID=1358963077
Asset=Swamp_Ruin?d=0.9&amp;s=123456&amp;sz=900
Name=81
Pos=46415.9,87.892,51338
Orient=0,-0.761095,0,0.648641
Scale=1,1,1
Flags=1

