[ENTRY]
ID=1358966647
Asset=CL-Forest3
Name=81
Pos=46999.4,367.931,69829.4
Orient=0,0.252245,0,0.967663
Scale=1,1,1
Flags=1

