[ENTRY]
ID=1358963488
Asset=Bldg-Castle-Tower1?ATS=ATS-Castle_Camelot
Name=81
Pos=46738.5,210.712,42371
Orient=0,-0.367755,0,-0.929923
Scale=1,1,1
Flags=1

