[ENTRY]
ID=1358963860
Asset=Prop-Swamp-Tree1
Name=81
Pos=46925.8,66.5493,55182
Orient=0,0.342898,0,0.939373
Scale=1.275,1.275,1.275

