[ENTRY]
ID=1358958156
Asset=Manipulator-SpawnPoint
Name=81
Pos=47915.4,197.834,45499
Orient=0,0,0,1
Scale=1,1,1
Layer=1358955297

[ENTRY]
ID=1358958162
Asset=Manipulator-SpawnPoint
Name=81
Pos=47851.6,202.56,45105
Orient=0,0,0,1
Scale=1,1,1
Layer=1358955318

[ENTRY]
ID=1358962685
Asset=CL-Swamp-BullRushes2
Name=81
Pos=47287.4,147.118,45459.4
Orient=0,-0.114746,0,0.993395
Scale=2.3,2.3,2.3

