[ENTRY]
ID=1358963778
Asset=Bldg-Ruins-Old_Keep1?ATS=ATS-Ruins
Name=81
Pos=47829.7,85.4557,53614
Orient=0,0,0,1
Scale=1,1,1
Flags=1

[ENTRY]
ID=1358966984
Asset=Prop-Boat1#Prop-Boat1
Name=81
Pos=47396.5,70.2725,53201.1
Orient=0,-0.443948,0,0.896053
Scale=1,1,1

[ENTRY]
ID=1358966985
Asset=Prop-Teddy_Bear#Prop-Teddy_Bear
Name=81
Pos=47394.2,71.7156,53197.9
Orient=-0.496034,0.376322,0.251968,0.74084
Scale=1,1,1

