[ENTRY]
ID=1358963485
Asset=Bldg-Castle-Tower1?ATS=ATS-Castle_Camelot
Name=81
Pos=47908.7,249.15,42750.7
Orient=0,-0.297042,0,-0.954864
Scale=1,1,1

