[ENTRY]
ID=1358958155
Asset=Manipulator-SpawnPoint
Name=81
Pos=48250.3,132.943,45807
Orient=0,0,0,1
Scale=1,1,1
Layer=1358955299

[ENTRY]
ID=1358963646
Asset=Prop-Rock4
Name=81
Pos=48751.1,143.818,45188.7
Orient=0,-0.281158,0,0.959662
Scale=10,10,10
Flags=1

[ENTRY]
ID=1358966329
Asset=Prop-Rock3
Name=81
Pos=48704.4,151.737,45223.2
Orient=0.196574,-0.546919,-0.246033,0.775697
Scale=10,10,10

