[ENTRY]
ID=1358957302
Asset=CL-Furniture1#CL-Furniture1
Name=81
Pos=48538.3,188.852,44049
Orient=0,0,0,1
Scale=1,1,1

[ENTRY]
ID=1358958141
Asset=Manipulator-SpawnPoint
Name=81
Pos=48029.1,159.313,44769
Orient=0,0,0,1
Scale=1,1,1
Layer=1358955320

[ENTRY]
ID=1358963654
Asset=Bldg-Cottage_Medium3?ATS=ATS-Wooden_Cottage
Name=81
Pos=48580.8,178.865,44126
Orient=0,-0.685289,0,0.728272
Scale=1,1,1
Flags=3

