[ENTRY]
ID=1358954542
Asset=Prop-Tent
Name=81
Pos=48954.5,191.756,59134
Orient=-0.006421,0.685409,-0.0214129,0.727815
Scale=2,2,2

[ENTRY]
ID=1358962151
Asset=Manipulator-SpawnPoint
Name=81
Pos=48835,211.757,59957
Orient=0,0,0,1
Scale=0.95,0.95,0.95
Layer=1358956854

[ENTRY]
ID=1358962154
Asset=Manipulator-SpawnPoint
Name=81
Pos=48177.7,133.674,59416
Orient=0,0,0,1
Scale=1,1,1
Layer=1358956837

[ENTRY]
ID=1358962155
Asset=Manipulator-SpawnPoint
Name=81
Pos=48331.3,235.544,59871
Orient=0,0,0,1
Scale=1,1,1
Layer=1358956836

