[ENTRY]
ID=1358963764
Asset=CL-Battlefield1
Name=81
Pos=48534.2,91.8151,53749
Orient=0,-0.91071,0,0.413046
Scale=1,1,1
Flags=1

