[ENTRY]
ID=1358954744
Asset=Bldg-Ruins-Chapel1?ATS=ATS-Ruins
Name=81
Pos=48422.2,265.516,56874
Orient=0,0.144493,0,0.989506
Scale=3,3,3
Flags=1

[ENTRY]
ID=1358963986
Asset=Prop-Bush-Med1
Name=81
Pos=48496.5,301.862,56962
Orient=0,0,0,1
Scale=1.35,1.35,1.35
Flags=1

