[ENTRY]
ID=1358958486
Asset=Manipulator-SpawnPoint
Name=81
Pos=49880.1,183.555,64384
Orient=0,-0.974616,0,0.223883
Scale=1,1,1
Layer=1358955050

[ENTRY]
ID=1358966691
Asset=Prop-Nordic_Props#Prop-Fish_Rack
Name=81
Pos=49253.4,62.7228,64276.2
Orient=0,0.394019,0,0.919102
Scale=1,1,1
Flags=1

