[ENTRY]
ID=1358958061
Asset=Manipulator-SpawnPoint
Name=81
Pos=49800.3,121.032,49994.2
Orient=0,-0.980582,0,-0.19611
Scale=1,1,1
Layer=1358955576

[ENTRY]
ID=1358960957
Asset=Manipulator-SpawnPoint
Name=81
Pos=49090.7,85.5268,49921
Orient=0,0,0,1
Scale=1,1,1
Layer=1358956993

[ENTRY]
ID=1358960975
Asset=Manipulator-SpawnPoint
Name=81
Pos=49698.7,100.29,49241
Orient=0,0,0,1
Scale=1,1,1
Layer=1358956977

[ENTRY]
ID=1358963130
Asset=Swamp_Ruin?d=0.9&amp;s=123428&amp;sz=800
Name=81
Pos=49721.7,93.8604,49423
Orient=0,0.0549723,0,0.998488
Scale=1,1,1

