[ENTRY]
ID=1358963046
Asset=Swamp_Ruin?d=0.9&amp;s=123765&amp;sz=800
Name=81
Pos=49364.1,103.647,50873.6
Orient=0,-0.144492,0,0.989506
Scale=1,1,1
Flags=1

