[ENTRY]
ID=1358954833
Asset=CL-Farm-WheatFieldSmall
Name=81
Pos=50898,164.706,62834
Orient=0,-0.710353,0,0.703845
Scale=1.5,1.5,1.5
Flags=1

[ENTRY]
ID=1358954894
Asset=CL-Farm-mixedVegField#CL-Farm-mixedVegField
Name=81
Pos=50870.2,153.495,62466
Orient=0,0,0,1
Scale=1.5,1.5,1.5
Flags=1

[ENTRY]
ID=1358966680
Asset=CL-Farm-EmptyField#CL-Farm-EmptyField
Name=81
Pos=50344.1,167.209,62842.6
Orient=0,0,0,1
Scale=1.375,1.375,1.375
Flags=1

