[ENTRY]
ID=1358963254
Asset=CL-Wooden_Fence1#CL-Wooden_Fence1
Name=81
Pos=50008.5,191.074,65231.4
Orient=0,0.692537,0,0.721382
Scale=1.5,1.5,1.5
Flags=1

[ENTRY]
ID=1358966898
Asset=CL-Wooden_Fence2
Name=81
Pos=50971.6,190.908,65918.6
Orient=-0.0372338,0.379204,-0.0117096,0.924489
Scale=1.5,1.5,1.5
Flags=1

[ENTRY]
ID=1358966900
Asset=CL-Wooden_Fence3
Name=81
Pos=50077.8,175.892,65133.2
Orient=0,-0.624897,0,0.780707
Scale=1.5,1.5,1.5
Flags=1

