[ENTRY]
ID=1358957913
Asset=Prop-Sanctuary_Stone
Name=81
Pos=50106.3,181.549,66237
Orient=0,-0.624897,0,0.780707
Scale=1,1,1

[ENTRY]
ID=1358962654
Asset=CL-Hills_Tree2
Name=81
Pos=50266.4,200.899,66637.5
Orient=-0.0867292,-0.240239,0.0278845,0.966429
Scale=1.225,1.225,1.225
Flags=1

[ENTRY]
ID=1358963250
Asset=CL-Roadside1
Name=81
Pos=50164.2,180.801,66462
Orient=0,0,0,1
Scale=1.5,1.5,1.5
Flags=1

[ENTRY]
ID=1358966807
Asset=CL-Wooden_Fence1#CL-Wooden_Fence1
Name=81
Pos=50245.8,190.995,66446.8
Orient=0,0.13459,0,0.990901
Scale=1.5,1.5,1.5
Flags=1

