[ENTRY]
ID=1358963247
Asset=CL-Roadside4#CL-Roadside4
Name=81
Pos=51069.1,188.429,65973.1
Orient=0,-0.91071,0,0.413046
Scale=1.5,1.5,1.5
Flags=1

[ENTRY]
ID=1358966803
Asset=CL-Roadside2
Name=81
Pos=51504.4,189.746,65310.9
Orient=0,0.193766,0,0.981048
Scale=1.5,1.5,1.5
Flags=1

[ENTRY]
ID=1358966899
Asset=CL-Wooden_Fence2
Name=81
Pos=51573.5,190.677,65372.9
Orient=-0.0123794,-0.974491,0.0131029,0.2237
Scale=1.5,1.5,1.5
Flags=1

