[ENTRY]
ID=1358954712
Asset=Prop-Campfires#Prop-Campfire2
Name=81
Pos=51995.5,327.017,60663.6
Orient=-0.00995935,-0.00807815,0.0895148,0.995903
Scale=1.325,1.325,1.325
Flags=1

[ENTRY]
ID=1358964674
Asset=CL-Battlefield1#CL-Battlefield1
Name=81
Pos=51316.8,156.911,60090
Orient=0,0,0,1
Scale=1,1,1
Flags=1

