[ENTRY]
ID=1358962547
Asset=Manipulator-PathNode
Name=81
Pos=52403.5,84.9851,54060
Orient=0,0,0,1
Scale=1,1,1

[ENTRY]
ID=1358963018
Asset=Swamp_Ruin?d=0.9&amp;s=123456&amp;sz=900
Name=81
Pos=52228.7,85.4338,54495
Orient=0,-0.741296,0,0.671178
Scale=1,1,1

[ENTRY]
ID=1358963019
Asset=Swamp_Ruin?d=0.9&amp;s=859765&amp;sz=800
Name=81
Pos=52700.9,91.0114,54294
Orient=0,-0.741296,0,0.671178
Scale=1,1,1

