[ENTRY]
ID=1358960990
Asset=Manipulator-SpawnPoint
Name=81
Pos=52824.3,210.721,52329
Orient=0,0,0,1
Scale=1,1,1
Layer=1358956961

[ENTRY]
ID=1358960996
Asset=Manipulator#Manipulator-PathNode
Name=81
Pos=52131.4,201.899,52723
Orient=0,0,0,1
Scale=1,1,1

[ENTRY]
ID=1358961000
Asset=Manipulator-SpawnPoint
Name=81
Pos=52345.8,243.699,52353
Orient=0,0,0,1
Scale=1,1,1
Layer=1358956962

[ENTRY]
ID=1358964231
Asset=CL-Rock-Clutter#CL-Rock-Clutter
Name=81
Pos=52663.6,214.927,52763
Orient=0,-0.999232,0,-0.0391934
Scale=1,1,1
Flags=1

