[ENTRY]
ID=1358962985
Asset=Par-Waves-1-Emitter
Name=81
Pos=52525.8,61.6236,44112
Orient=0,0.762271,0,0.647258
Scale=2,2,2

