[ENTRY]
ID=1358962983
Asset=Effects#Par-Waves-1-Emitter
Name=81
Pos=52293.9,61.8797,43514
Orient=0,0.911458,0,0.411393
Scale=2,2,2
Flags=1

