[ENTRY]
ID=1358962194
Asset=Manipulator-SpawnPoint
Name=81
Pos=52433.6,504.15,58762
Orient=0,0,0,1
Scale=1,1,1
Layer=1358956864

[ENTRY]
ID=1358962195
Asset=Manipulator-SpawnPoint
Name=81
Pos=52517.3,374.507,58259
Orient=0,0,0,1
Scale=1,1,1
Layer=1358956867

[ENTRY]
ID=1358965607
Asset=CL-Hills_Bush5#CL-Hills_Bush5
Name=81
Pos=52624,406.749,58281
Orient=0,-0.921371,0,-0.388685
Scale=1,1,1
Flags=1

[ENTRY]
ID=1358965608
Asset=CL-Hills_Bush1#CL-Hills_Bush1
Name=81
Pos=52051.4,294.399,58300
Orient=0,0,0,1
Scale=1,1,1

[ENTRY]
ID=1358965609
Asset=CL-Hills_Bush3#CL-Hills_Bush3
Name=81
Pos=52658.3,334.939,58049
Orient=0,0,0,1
Scale=1,1,1

