[ENTRY]
ID=1358965443
Asset=Bldg-WallTower_Camelot?ATS=ATS-Castle_Camelot
Name=81
Pos=53683.7,147.301,65127
Orient=0,0.967864,0,-0.251476
Scale=1,1,1
Flags=1

[ENTRY]
ID=1358967165
Asset=Manipulator-SpawnPoint
Name=81
Pos=53579,158.434,65058
Orient=0,0,0,1
Scale=1,1,1
Layer=1358958227

