[ENTRY]
ID=1358961116
Asset=Manipulator-SpawnPoint
Name=81
Pos=53620.8,205.238,57749
Orient=0,0,0,1
Scale=1,1,1
Layer=1358956873

[ENTRY]
ID=1358964751
Asset=Forest?d=0.1&amp;s=871817&amp;sz=2000
Name=81
Pos=53586.9,174.871,57479.7
Orient=0,-0.475032,0,0.879969
Scale=1.075,1.075,1.075
Flags=1

