[ENTRY]
ID=1358967520
Asset=Manipulator-SpawnPoint
Name=81
Pos=54285,107.11,60790
Orient=0,-0.707107,0,-0.707107
Scale=1,1,1
Layer=1358958319

[ENTRY]
ID=1358967521
Asset=Manipulator-SpawnPoint
Name=81
Pos=54755,102.812,60860
Orient=0,0.707107,0,0.707107
Scale=1,1,1
Layer=1358958320

