[ENTRY]
ID=1358961032
Asset=Manipulator-SpawnPoint
Name=81
Pos=54621,218.997,55408
Orient=0,0,0,1
Scale=1,1,1
Layer=1358956948

[ENTRY]
ID=1358964155
Asset=CL-Rock-Clutter#CL-Rock-Clutter
Name=81
Pos=54806.7,198.983,55070
Orient=0,0.666869,0,0.745175
Scale=1,1,1
Flags=1

[ENTRY]
ID=1358964662
Asset=CL-Roadside3
Name=81
Pos=54982,197.375,55252.3
Orient=0,0.724287,0,0.689499
Scale=1.5,1.5,1.5
Flags=1

