[ENTRY]
ID=1358962989
Asset=Effects#Par-Waves-1-Emitter
Name=81
Pos=54562.3,62.241,46652
Orient=0,0.659385,0,0.751806
Scale=2,2,2
Flags=1

