[ENTRY]
ID=1358962988
Asset=Effects#Par-Waves-1-Emitter
Name=81
Pos=54817.2,61.3053,47748
Orient=0,0.338197,0,0.941075
Scale=2,2,2
Flags=1

