[ENTRY]
ID=1358962992
Asset=Effects#Par-Waves-1-Emitter
Name=81
Pos=54280.3,63.2751,48322
Orient=0,0,0,1
Scale=1,1,1
Flags=1

[ENTRY]
ID=1358962993
Asset=Effects#Par-Waves-1-Emitter
Name=81
Pos=54431,61.8656,48976
Orient=0,0.967462,0,0.253016
Scale=2,2,2
Flags=1

[ENTRY]
ID=1358962995
Asset=Effects#Par-Waves-1-Emitter
Name=81
Pos=54113.5,61.0832,48465
Orient=0,-0.619737,0,-0.78481
Scale=1,1,1
Flags=1

