[ENTRY]
ID=1358960985
Asset=Manipulator#Manipulator-PathNode
Name=81
Pos=54710.2,178.073,54921
Orient=0,0,0,1
Scale=1,1,1

[ENTRY]
ID=1358964154
Asset=CL-Rock-Clutter#CL-Rock-Clutter
Name=81
Pos=54800.8,207.146,54226
Orient=0,-0.389418,0,0.921061
Scale=1,1,1
Flags=1

[ENTRY]
ID=1358966911
Asset=CL-Wooden_Fence3
Name=81
Pos=54876.4,208.745,54274.6
Orient=0,-0.416871,0,0.908966
Scale=1.5,1.5,1.5
Flags=1

[ENTRY]
ID=1358966915
Asset=Prop-Hill_Tree6
Name=81
Pos=54780.8,241.595,54472.4
Orient=0,0.999958,0,-0.0092032
Scale=1.4,1.4,1.4
Flags=1

