[ENTRY]
ID=1358964663
Asset=CL-Roadside1
Name=81
Pos=55054.7,207.752,54299.8
Orient=-0.00869815,-0.60288,-0.00519922,0.797768
Scale=1.5,1.5,1.5
Flags=1

