[ENTRY]
ID=1358967522
Asset=Manipulator-SpawnPoint
Name=81
Pos=55390,112.756,60845
Orient=0,0.707107,0,0.707107
Scale=1,1,1
Layer=1358958321

