[ENTRY]
ID=1358965896
Asset=CL-Plains_Bush1#CL-Plains_Bush1
Name=81
Pos=55470.3,240.261,53871
Orient=0,-0.486399,0,-0.873737
Scale=1,1,1
Flags=1

