[ENTRY]
ID=1358962962
Asset=Effects#Par-Waves-1-Emitter
Name=81
Pos=56208.6,61.8709,50000
Orient=0,0.747971,0,0.663731
Scale=1,1,1
Flags=1

[ENTRY]
ID=1358962964
Asset=Par-Waves-1-Emitter
Name=81
Pos=56260,61.2693,50552
Orient=0,0.747971,0,0.663731
Scale=1,1,1

