[ENTRY]
ID=1358954901
Asset=Prop-Water_Plane1
Name=81
Pos=56967.8,249.924,68329
Orient=0,-0.706825,0,0.707388
Scale=0.6,0.6,0.6
Flags=1

[ENTRY]
ID=1358967017
Asset=Prop-Tent
Name=81
Pos=56721.8,268.549,68249.3
Orient=0,0.992904,0,-0.118922
Scale=1,1,1

[ENTRY]
ID=1358967019
Asset=Prop-Tent2
Name=81
Pos=56682.9,269.213,68345.6
Orient=0,-0.375559,0,0.926799
Scale=1,1,1

