[ENTRY]
ID=1358965178
Asset=Environment-Marker?type=Undead
Name=81
Pos=57335.7,93.2448,62437
Orient=0,0,0,1
Scale=5.9,5.9,5.9

[ENTRY]
ID=1358965183
Asset=Prop-Iron_Fence
Name=81
Pos=57016.7,126.045,62057
Orient=0,-0.601198,0,0.7991
Scale=3,3,3
Flags=1

[ENTRY]
ID=1358966881
Asset=Prop-Instance_Entrance#Prop-Instance_Entrance
Name=81
Pos=57456.6,115.532,62512.7
Orient=0,-0.412321,0,0.911039
Scale=1,1,1

