[ENTRY]
ID=1358954919
Asset=CL-Hills_Rock3
Name=81
Pos=57364.5,264.904,67750
Orient=0,-0.539632,0,0.841901
Scale=2.55,2.55,2.55
Flags=1

[ENTRY]
ID=1358955476
Asset=Manipulator-SpawnPoint
Name=81
Pos=57474,243.842,67227
Orient=0,0,0,1
Scale=1,1,1
Layer=1358958002

