[ENTRY]
ID=1358957850
Asset=Prop-Forest_Tree5
Name=81
Pos=57317.7,177.557,56822
Orient=0,0,0,1
Scale=1,1,1

[ENTRY]
ID=1358964156
Asset=CL-Rock-Clutter#CL-Rock-Clutter
Name=81
Pos=57543.7,170.031,56708
Orient=0,-0.761095,0,0.64864
Scale=1,1,1

[ENTRY]
ID=1358964312
Asset=CL-Farm-PumpkinField#CL-Farm-PumpkinField
Name=81
Pos=57266.7,170.641,56577
Orient=0,0.717356,0,0.696707
Scale=1,1,1

[ENTRY]
ID=1358964314
Asset=Prop-Low_Boxes#Prop-Trough
Name=81
Pos=57076.1,169.789,56778
Orient=0,0,0,1
Scale=1,1,1

