[ENTRY]
ID=1358966825
Asset=CL-Roadside6
Name=81
Pos=57910.7,197.984,58457.7
Orient=0,-0.836899,0,-0.547357
Scale=1.5,1.5,1.5
Flags=1

[ENTRY]
ID=1358966908
Asset=CL-Roadside2#CL-Roadside2
Name=81
Pos=57986,200.206,58402.2
Orient=0,-0.581035,0,0.813879
Scale=1.5,1.5,1.5
Flags=1

