[ENTRY]
ID=1358960375
Asset=Manipulator-SpawnPoint
Name=81
Pos=58634.7,192.669,59477
Orient=0,0,0,1
Scale=1,1,1
Layer=1358955713

[ENTRY]
ID=1358962660
Asset=CL-Roadside6#CL-Roadside6
Name=81
Pos=58173.4,204.39,59333.8
Orient=0,-0.754571,0,0.656219
Scale=1.5,1.5,1.5
Flags=1

[ENTRY]
ID=1358966907
Asset=CL-Wooden_Fence1#CL-Wooden_Fence1
Name=81
Pos=58081.8,204.744,59371
Orient=0,-0.576959,0,0.816773
Scale=1.5,1.5,1.5
Flags=1

[ENTRY]
ID=1358967481
Asset=Manipulator-SpawnPoint
Name=81
Pos=58888,181.35,59956.7
Orient=0,0,0,1
Scale=1,1,1
Layer=1358958306

