[ENTRY]
ID=1358962973
Asset=Effects#Par-Waves-1-Emitter
Name=81
Pos=59104.3,61.4789,54500
Orient=0,0.940806,0,0.338946
Scale=2.5,2.5,2.5
Flags=1

[ENTRY]
ID=1358962974
Asset=Effects#Par-Waves-1-Emitter
Name=81
Pos=59542.2,60.8471,54881
Orient=0,-0.998628,0,-0.0523649
Scale=1,1,1
Flags=1

