[ENTRY]
ID=1358954743
Asset=CL-Farm-EmptyField
Name=81
Pos=60793.1,192.086,58784
Orient=0,-0.713864,0,0.700285
Scale=1,1,1
Flags=1

[ENTRY]
ID=1358966971
Asset=Prop-Bush_AridDead1#Prop-Bush_AridDead1
Name=81
Pos=60727.5,193.877,58850.2
Orient=0,0,0,1
Scale=1.25,1.25,1.25

[ENTRY]
ID=1358966972
Asset=Prop-Bush_AridDead1
Name=81
Pos=60776.4,197.747,58677
Orient=0,0,0,1
Scale=1.25,1.25,1.25

[ENTRY]
ID=1358966973
Asset=Prop-Bush_AridDead2#Prop-Bush_AridDead2
Name=81
Pos=60837.9,189.659,58903.9
Orient=0,0,0,1
Scale=1.25,1.25,1.25

