[ENTRY]
ID=1358962955
Asset=Effects#Par-Waves-1-Emitter
Name=81
Pos=62073,61.1057,57177
Orient=0,0.822049,0,0.569417
Scale=3,3,3
Flags=1

