[ENTRY]
ID=503317115
Asset=Prop-Crypt_Statue1#Prop-Crypt_Statue1
Pos=5772.06,166.914,3035.55
Orient=-0.0467407,0.148874,0.0880421,0.983819
Scale=1.775,1.775,1.775

[ENTRY]
ID=503317116
Asset=Prop-Crypt_Statue1
Pos=5772.06,170,2859.25
Orient=0,0,0,1
Scale=1.775,1.775,1.775

[ENTRY]
ID=503317126
Asset=Prop-Chunks#Prop-Chunks2
Pos=5765.3,170,2403.01
Orient=0,0,0,1
Scale=1.675,1.675,1.675

