[ENTRY]
ID=1030439
Asset=Prop-Interact_Rectangle
Name=
Pos=2212,1040,995
Orient=0,0,-0.707107,0.707107
Scale=40,40,40

[ENTRY]
ID=402653428
Asset=Prop-Bones_Dragon#Prop-Bones_Dragon1
Name=Untitled
Pos=2537.24,705.119,904.215
Orient=0,0.593178,0,0.805072
Scale=2.275,2.275,2.275
Flags=1

[ENTRY]
ID=402653490
Asset=Prop-Fangarian_Cap
Name=Untitled
Pos=2349.35,2159.48,998.877
Orient=0,0,0,1
Scale=8,8,8
Flags=1

