[ENTRY]
ID=973079026
Asset=CL-Corsica_Forest3
Pos=2005.56,3405.38,1967.2
Orient=0,-0.962641,0,-0.27078
Scale=1.275,1.275,1.275

