[ENTRY]
ID=973079027
Asset=CL-Corsica_Forest3
Pos=3187.2,3304.55,573.83
Orient=0,-0.962641,0,-0.27078
Scale=1.275,1.275,1.275

