[ENTRY]
ID=973079969
PlacedBy=0
Asset=Effects#Par-Waves-1-Emitter
Name=Untitled
Pos=18490.6,1100.25,12772.6
Orient=0,0.966185,0,0.25785
Scale=1,1,1
Flags=0
Layer=0
patrolSpeed=0
patrolEvent=

[ENTRY]
ID=973082821
PlacedBy=-400000000
Asset=Manipulator-SpawnPoint
Name=Untitled
Pos=18302.3,1127.74,12845.8
Orient=0,0,0,1
Scale=1,1,1
Flags=0
Layer=0
patrolSpeed=0
patrolEvent=
spawnPackage=58_corsica_dreamfly_5
wanderRadius=80

