[ENTRY]
ID=973079054
Asset=Prop-Lamp_Post_NB1
Pos=18355.8,1653.9,22900.8
Orient=0,-0.501213,0,0.865324
Scale=1,1,1
Flags=1

[ENTRY]
ID=973079055
Asset=Prop-Dungeon_Entrance
Pos=18798.7,1434.71,22799.7
Orient=0,0.906534,0,0.422132
Scale=1,1,1
Flags=1

[ENTRY]
ID=973079836
Asset=Prop-Bridge_a#Prop-Bridge_Broken
Pos=18282.7,1659.28,22667.8
Orient=0,0.994043,0,-0.108986
Scale=1.8,1.8,1.8
Flags=1

