[ENTRY]
ID=973078828
Asset=Prop-Palm-Tree3
Pos=19636,1339.18,12368.6
Orient=0,0.792563,0,0.609791
Scale=2,2,2

[ENTRY]
ID=973078830
Asset=CL-Hills_Bush3#CL-Hills_Bush3
Pos=19647.9,1346.85,12397.2
Orient=0,0,0,1
Scale=3.875,3.875,3.875

[ENTRY]
ID=973078831
Asset=CL-Hills_Bush5#CL-Hills_Bush5
Pos=19888.8,1469.84,12807.8
Orient=0,0,0,1
Scale=2.425,2.425,2.425

