[ENTRY]
ID=973079562
PlacedBy=0
Asset=Prop-Palm-Tree5
Name=Untitled
Pos=20262,1283.88,36002.2
Orient=0,0,0,1
Scale=1,1,1
Flags=0
Layer=0
patrolSpeed=0
patrolEvent=

[ENTRY]
ID=973079563
PlacedBy=0
Asset=Prop-Palm-Tree2
Name=Untitled
Pos=20284,1289.51,36005.7
Orient=0,-0.998952,0,0.0457803
Scale=1.225,1.225,1.225
Flags=0
Layer=0
patrolSpeed=0
patrolEvent=

[ENTRY]
ID=973082484
PlacedBy=-400000000
Asset=Manipulator-SpawnPoint
Name=Untitled
Pos=20475,1269.25,36025
Orient=0,0.394019,0,0.919102
Scale=1,1,1
Flags=0
Layer=0
patrolSpeed=0
patrolEvent=
spawnPackage=58_earthrise_taintedstomper_9
links_count=1
link=973082485,1

