[ENTRY]
ID=721420290
Asset=Dng-Hall_L1?ATS=ATS-Dungeon_Castle
Pos=4045,50,1960
Orient=0,-0.707107,0,0.707107
Scale=1,1,1
Flags=1

[ENTRY]
ID=721421199
Asset=Prop-Hanging_Cage1
Pos=4001.61,103.192,1981.75
Orient=0,0,0,1
Scale=1.3,1.3,1.3
Flags=1

