[ENTRY]
ID=941313
PlacedBy=0
Asset=Prop-Crypt_CoffinB
Name=Scenery/68655
PX=4408.75
PY=600.002
PZ=5826.27
QX=0
QY=0.328768
QZ=0
QW=0.944411
SX=2
SY=2
SZ=2
Flags=0
Layer=0
patrolSpeed=0
patrolEvent=

