[ENTRY]
ID=989856003
Asset=Prop-Giant_Mushroom1
Pos=3694.97,770.743,6216.94
Orient=0.00847156,-0.423602,-0.0643993,-0.903517
Scale=5.475,5.475,5.475

[ENTRY]
ID=989856194
Asset=Prop-Giant_Mushroom-Glowing2
Pos=3713.04,607.628,6751.8
Orient=0.0471777,0.899421,-0.0288837,0.433568
Scale=3.3,3.3,3.3

