[ENTRY]
ID=989856106
Asset=Prop-Bird1#Prop-Bird1
Pos=4377.54,840.779,7076.48
Orient=0,0,0,1
Scale=1,1,1

[ENTRY]
ID=989856317
Asset=Prop-WaterFall_Short
Pos=4167.42,368.138,7234.46
Orient=0,0.443948,0,0.896053
Scale=1.625,1.625,1.625

[ENTRY]
ID=989856375
Asset=Sound?SOUND=Sound-Ambient-Oceanloop.ogg&amp;GAIN=0.2
Pos=4530.08,436.547,7048.89
Orient=0,0,0,1
Scale=1,1,1
Flags=1

