[ENTRY]
ID=989856311
Asset=Prop-Pine_Forest_Tree1
Pos=5312.71,1529.3,4965.1
Orient=0.034919,0.00227294,-0.0649145,0.997277
Scale=2.025,2.025,2.025

