[ENTRY]
ID=989855838
Asset=Prop-Giant_Mushroom3
Pos=15144.2,594.478,-716.57
Orient=0.163031,-0.704098,-0.127457,0.679281
Scale=4.125,4.125,4.125

