[ENTRY]
ID=1409286375
Asset=Prop-Table4
Pos=3753,600,4224.38
Orient=0,0.703279,0,0.710914
Scale=1.225,1.225,1.225

[ENTRY]
ID=1409286376
Asset=Prop-Table4
Pos=3753,600,4201.29
Orient=0,0.703279,0,0.710914
Scale=1.225,1.225,1.225

