[ENTRY]
ID=1090519215
Asset=Prop-Tribal_Rack
Pos=1332.76,1200.23,697.132
Orient=0,0.261909,0,0.965093
Scale=1.825,1.825,1.825

