[ENTRY]
ID=1090519206
Asset=Prop-Chunks2
Pos=2219.07,1199.47,803.1
Orient=0,-0.324043,0,0.946042
Scale=1.5,1.5,1.5
Flags=1

