[ENTRY]
ID=1090519465
Asset=Prop-Chunks#Prop-Chunks2
Pos=4042.3,539.569,3034.57
Orient=0,0.285952,0,0.958244
Scale=1.975,1.975,1.975
Flags=1

[ENTRY]
ID=1090519519
Asset=Prop-Chunks2
Pos=4926.87,538.569,3013.67
Orient=0,-0.731145,0,0.682222
Scale=2.775,2.775,2.775

[ENTRY]
ID=1090519799
Asset=Manipulator#Manipulator-PathNode
Pos=4120,540,3005
Orient=0,0,0,1
Scale=1,1,1
links_count=2
link=1090519798,1
link=1090519800,1

